158,511,532,721,1079,1474,2033,2532,3333,4059,4325,4642,5083,5205,5364,5648,6729,6851,6919,7308,7450,7680,8053
5,47,93,137,193,273,359,1025,1067,1416,1420,1537,1846,2516,2944,3105,3413,3634,3869,4320,4403,4813,5531,5719,6033,6089,6104,6167,6539,6571,6609,6727,6752,6969,6988,7560,7691,7703
445,550,690,889,934,1118,1541,1659,1905,1938,2384,2537,2876,3139,3204,3272,3466,3873,4005,4279,4665,4981,5014,5131,5142,5202,5970,6142,6275,6284,6527,6651,6718,6790,6823,6959,7007,7045,7142,7252,7590,8082
255,391,431,554,566,678,1216,1457,1538,1656,1663,1841,1877,2425,2617,2820,2924,3022,3058,3209,3263,3667,4015,4213,4564,4739,4937,5012,5071,5250,5294,5697,5788,5798,6855,7157,7178,7196,7468,7506,7744,7775,7809,8003,8149
8,695,813,1439,1529,1665,1820,2006,2352,2780,2801,3015,3063,3064,3484,3806,3956,4227,4489,4591,4789,5143,5931,6106,6156,6341,6348,6559,7521,7657,7785,7971,7984,8104
110,207,563,722,753,905,1224,1349,1390,1412,1648,1873,2111,2225,2298,2419,2429,2455,2470,2503,2750,3033,3041,3053,3365,3385,3492,3513,3698,3879,4016,4438,5002,5469,5641,5781,5912,6054,6330,6939,7000,7217,7553,7732,8036
190,216,232,349,623,758,939,1271,1569,1591,2326,2925,3019,3426,3980,4170,4206,4406,4435,4740,5032,5090,5170,5431,5493,5575,5988,6007,6165,6191,6257,6283,6403,6451,6695,6698,6843,7017,7053,7104,7280,7523,7689,7768,7812,7831,7872,7874,8013
114,497,657,820,935,1160,1568,1720,2436,2468,2673,3076,3135,3255,3398,3552,3745,3952,4277,4474,4708,4926,4939,5029,5055,5355,5729,5827,6069,6423,6683,7469,7774,8055,8080
488,518,570,583,971,1136,1145,1182,1309,1503,1673,1710,1780,1788,1854,1883,2072,2102,2115,2300,2340,2463,2725,2808,3353,3380,3387,3600,3794,4208,4785,5022,5460,5549,5705,5803,5807,6375,6414,6806,7004,7027,7704,7884,7909
98,163,522,556,617,850,1130,1467,2063,2207,2238,2278,2579,2867,3008,3014,3084,3172,3542,3611,3656,3855,4349,4585,4626,4746,5008,5222,5507,5572,5651,5671,5681,5725,5924,6179,6327,6589,6808,6816,7001,7504,7753,7834,8113,8119
67,108,346,737,1086,1256,1275,1299,1497,1631,1662,1705,2301,2328,2351,2707,2961,3313,3328,3546,3674,3743,4156,4198,4399,4942,5027,5513,5702,5760,5783,6537,6780,6867,7160,7267,7578,7895,7968,8006,8042
104,123,186,738,771,893,1065,1865,1954,2370,2664,2684,2793,3382,3504,3878,4278,4365,4404,4457,4609,4701,4952,5105,5151,5157,5304,5384,5388,5500,6178,6556,6616,6839,7051,7062,7134,7294,7376,7419,7458,7630,7816,7974,7986,8101,8108,8129
103,376,605,711,840,870,1483,1540,1614,2088,2589,2618,2709,3169,3188,3250,3446,3508,4322,4338,4716,4752,4786,4859,5480,5489,5800,5854,6042,6113,6359,6454,6565,6579,6844,6934,7098,7146,7284,7314,7333,7729,7801,7869,7959,8051
265,484,742,800,938,1255,1471,1615,2078,2337,2459,2563,2581,2586,2607,2855,2981,3079,3115,3277,3472,3591,4303,4634,4691,4796,5211,5381,5515,5856,5860,5871,5977,6055,6095,6230,6314,6447,6564,6747,6810,6942,7112,7456,7501,7700,7975,8146
382,455,458,463,470,705,773,824,1100,1228,1661,1829,2176,2230,2377,2544,2553,2895,3049,3462,3488,3557,3688,3741,3782,3813,3876,4269,4541,4578,4611,4675,4741,4870,5239,5356,5445,5555,5625,5669,5688,5713,5880,6015,6129,6647,6964,7183,7461,7562,7582,7612,7624,7632,7784,7995
897,980,1095,1252,1505,2080,2129,2305,2627,2663,2741,2767,2851,2893,2904,3081,3459,3491,3507,3966,4344,4650,4872,4962,5103,5141,5155,5371,5374,5557,5604,5718,5902,5971,6005,6123,6226,6544,6611,6709,6757,6859,6941,6976,7392,7950,7952
124,436,879,1197,1245,1304,1379,1490,1734,1744,1974,2559,3026,3210,3731,3810,3816,3930,3976,4082,4189,4276,4332,4907,4953,5066,5804,5833,5849,5983,6264,6531,6818,7208,7414,7542,7647,7852,7878,8148
14,326,697,777,856,922,956,1774,1893,1912,2105,2125,2448,2796,2929,3405,3422,3612,3642,4195,4221,4231,4345,4460,4469,4494,4845,4860,4884,5631,6036,6625,6693,6849,7018,7356,7513,7536,7619,8019
426,631,651,979,1260,1813,2172,2936,3113,3354,3521,4023,4202,4312,4777,5116,5450,5588,5665,5759,5823,6268,6296,7025,7033,8100
