380,749,756,858,1256,1606,2018,2583,3449,3495,3904,4355,5304,5706,6076,6200,6623,6635,7012,7833,7976,8109
53,142,234,266,283,309,705,1262,1550,1552,1858,1895,2119,2837,2994,3014,3397,3417,3475,3547,4041,4538,4553,4651,4889,4902,4969,4993,5035,5069,5436,5488,5527,5544,5791,6095,6609,7228,7608,7667,7704,7744,8124
523,930,1498,2199,2264,2401,2481,2490,2536,2625,2731,2824,3372,3439,3916,3961,3990,4064,4127,4340,4345,4403,4441,4585,4880,5038,5139,5200,5361,5398,5415,5708,5729,5746,5900,6047,6049,6239,6349,6390,6491,6604,6631,6865,7189,7207,7269,7518,7524,7615,7842
236,639,903,1039,1238,1625,1719,2029,2120,2299,2388,2651,2687,2825,3046,3714,4044,4095,4106,4293,4318,4348,4536,4577,4603,4654,4859,5197,5216,5532,5805,6011,6089,6215,6221,6305,6850,6902,7245,7264,7290,7534,7908,8015,8030
152,197,204,292,308,645,755,1155,1171,1396,1451,1664,1942,2065,2259,2545,2637,2673,2981,3082,3270,3315,3396,3867,3887,4401,4425,4525,4901,5279,5319,5373,5387,5742,5909,7123,7146,7273,7818,8088
2,4,64,225,272,410,413,444,788,1202,1281,1360,1385,1479,1633,1886,1921,2009,2101,2368,2379,2443,2504,2573,2644,2930,3279,3467,3957,4315,4605,4753,4796,5008,5830,6590,6617,7430,7438,7540,7690,7803,7926,8008,8044,8073
579,783,964,995,1291,1347,1463,1624,1636,1764,1967,2025,2145,2285,2466,2468,2669,3033,3047,3188,3253,3477,3583,3634,3991,4371,4386,4419,4495,5066,5110,5148,5647,5842,6182,6322,6709,6727,6901,6913,7092,7989
66,96,743,891,1023,1229,1635,1901,1934,2053,2169,2741,2948,3039,3519,3527,3545,3834,3898,3956,4087,4663,4841,5649,6021,6197,6210,6456,6583,6640,6744,6846,6934,7001,7094,7098,7334,7491,7576,7679
74,203,415,547,671,704,1166,1221,1574,1655,2063,2124,2372,2633,3655,3804,3927,4070,4098,4110,4283,4588,4653,4735,4820,5230,5721,5732,5801,6311,6836,7321,7622,7635,7712,7723,7786
40,346,533,608,612,627,734,862,1276,1428,1521,1560,1573,1996,2012,2261,2524,2577,2723,2809,3008,3023,3313,3385,3659,4076,4195,4444,4620,4755,4823,5040,5320,5623,5687,5955,6052,6170,6243,6310,6818,6844,7046,7560,7569,7637,7658,7668,7843
25,102,166,271,385,527,534,580,725,1143,1173,1417,1440,1514,2071,2175,2218,2799,3126,3134,3391,3797,3873,3892,3967,4391,4414,4482,4524,4681,4988,5196,5556,5630,6016,6056,6523,6742,6795,7389,7500,7703,7719,7776,8116
16,173,268,318,339,470,938,1397,1863,1991,1995,2232,2829,2979,3202,3379,4174,4239,4261,4698,4777,4807,4876,4897,4952,5016,5056,5104,5125,5201,5203,5210,5275,5625,5700,5784,6132,6259,6705,7036,7117,7166,7530,7538
34,214,626,641,702,738,785,1032,1052,1091,1314,1524,1534,1579,1653,1746,2378,2434,2505,2551,2592,2617,2626,2982,3223,3474,3553,4254,4504,4801,4929,4965,5011,5351,5493,5595,5785,6012,6293,6342,6543,6648,6710,6716,6777,6898,6981,7213,7339,7360,7549,7590,7759,7771,8069,8084
11,158,179,660,796,817,892,1025,1285,1445,1448,1729,2016,2428,2662,2785,2940,3097,3190,3333,3485,3727,4260,4705,4967,5116,5315,5552,5598,6172,6233,6612,6684,6785,6933,7056,7333,7629,7873
820,1340,1467,1818,2098,2470,2542,2905,3041,3432,3468,3835,3917,4088,4325,4329,4498,4522,4544,4887,4934,5238,5464,5521,5565,5631,5820,5870,5979,6177,6316,6440,6569,6572,6829,7005,7093,7463,7972,8048
35,553,560,680,899,1567,1639,1954,2079,2132,2243,2508,2575,2593,2867,2889,3050,3058,3182,3225,3303,3476,3586,3769,3771,3796,3829,3830,4561,4679,4822,4933,5070,5253,5615,5617,5745,5815,5875,5939,6002,6212,6312,6547,6553,6753,6813,6828,7008,7131,7222,7326,7398,7487,7641,7671,8050,8136
281,880,898,981,1138,1145,1240,1287,1318,1582,2382,2628,2688,2870,2918,3233,3578,3658,3781,4049,4629,5120,5418,5753,6713,6943,7121,7227,7305,7335,7575,8067
137,525,568,600,877,1203,1227,1257,1693,1876,2117,2248,2532,2712,2794,2822,2963,3148,3374,3446,3455,3623,3837,3997,4607,4660,4884,4958,5224,5234,5460,5578,5828,5883,6003,6376,6416,6976,7031,7044,7210,7248,7417,7760,7945,8042,8117,8127
374,840,2082,2390,2515,2898,3879,4016,4374,5145,5189,5236,5305,6388,7489,7736,7788,7950
