457,801,1281,1924,2349,2399,2479,3175,3616,3727,5180,5884,5917,5944,6276,6626,6978,7062,8869,8994,9148,10809,11233,11266,11312,11771,12554,13364,13719,14202,15393,15579,16169,16320
563,587,978,1303,1347,1722,2967,3083,3174,3280,3662,3737,4070,4270,4526,4866,5266,5271,5583,5712,6016,6096,6277,6346,6878,7021,7723,7804,8589,8633,9418,9567,9805,10705,11104,11132,11246,11640,11765,11910,12376,12734,12991,13942,14333,14443,14540,14839,15076,15813,15926
585,589,635,1406,1481,1610,2031,2184,2345,2575,3153,3198,3519,3864,3958,4040,4107,4327,4446,4570,4853,5147,5929,6039,6054,6217,6259,6398,6451,6721,7840,8111,8488,8628,9364,9462,9555,9576,9985,9988,10214,10502,11001,11071,11198,11665,12319,12339,12700,13324,13433,13825,14815,15078,15377,15699,15902,16005,16373,16385
104,371,671,704,952,1090,1317,1445,1559,1638,1830,1962,2071,2190,2552,2664,3571,3573,3706,3749,3909,4022,4176,4286,4368,4380,4511,4605,4779,4905,5201,5363,5380,5411,5685,5881,5937,6213,6319,6662,6711,7024,7402,7421,7689,7996,8104,8701,8892,8941,8946,8982,9288,9979,10793,11061,11294,11572,12583,12889,13139,13145,13239,13599,13698,13700,13909,13921,14418,14460,14559,15213,15356,15483,15514,15522,15673,15724,15779,15824,16437
44,348,422,1431,1496,1534,1752,1977,2029,2109,2507,2556,2566,2600,2861,3069,3274,3347,3631,3635,3852,3856,4073,4088,4108,4166,4226,4461,4472,4644,4731,4761,5105,5132,5251,5356,5672,5766,6315,6427,6599,6609,6808,6937,6970,7342,7439,7584,7602,7759,7824,8097,8224,8715,8975,9086,9326,10067,10095,10136,10574,10733,10777,10970,11118,11161,11757,11758,12369,12397,12544,12703,12778,13025,13073,13251,13363,13391,13407,13487,13818,14645,14924,14929,15508,15517,16008,16012,16181,16512
252,400,414,488,726,785,858,958,1010,1016,1074,1142,1173,1207,1323,1420,1765,1865,2034,2177,2219,2383,2447,2534,2622,2825,2839,3011,3043,3053,3120,3166,3375,3402,3463,3544,3653,3659,3680,3996,4326,4424,4469,4520,4648,4720,4886,5061,5067,5259,5299,5311,5626,5699,6022,6099,6143,6389,6392,6446,6499,6532,6541,6542,6657,7077,7107,7243,7320,7328,7486,7671,7742,8236,8369,8402,8565,8567,8580,8782,9244,9266,9299,9429,9650,9724,9853,9867,10194,10215,10241,10528,10625,11010,11185,11257,11278,11321,11329,11356,11374,11375,11502,11542,11676,11794,11854,11858,12006,12242,12386,12466,12565,12683,12802,12806,12836,13054,13063,13085,13160,13321,13424,13508,13536,13595,13809,14031,14070,14090,14171,14335,14477,14633,14830,14968,15184,15325,15337,15423,15492,15531,15695,15995,16038,16040,16394,16431,16513,16536
403,456,510,780,860,933,1150,1256,1266,1395,1483,1612,1687,1815,1841,1877,1943,1982,2018,2120,2137,2143,2164,2248,2597,2970,3131,3184,3614,4031,4123,4239,4307,4496,4521,4529,4578,4699,4719,5082,5140,5333,5690,5893,6088,6208,6326,6356,6623,6851,6960,7085,7203,7242,7278,7528,7694,7724,7788,7826,8013,8124,8270,8503,8511,8814,8978,9259,9261,9428,9512,9681,9791,9937,9993,10248,10316,10379,10488,10575,10689,10720,10888,11079,11489,11607,11686,11707,11732,11857,12066,12134,12147,12173,12236,12243,12461,12649,12708,12776,12799,12861,13103,13470,13712,13750,13822,13834,14152,14367,14442,14452,14455,14495,15072,15123,15135,15136,15211,15230,15280,15366,15650,15836,15838,16236,16297,16344
72,98,182,249,256,357,424,459,687,813,1131,1171,1249,1257,1414,1494,1828,1872,2212,2227,2328,2331,2429,2516,2568,2648,2651,2667,2677,2767,2832,2840,2942,2956,3009,3028,3489,3498,3563,3611,3683,3748,3780,3816,3862,4064,4340,4448,4607,4958,4980,5069,5073,5288,5496,5656,5794,5810,5882,5910,5936,6083,6216,6263,6289,6677,6760,7050,7103,7214,7394,7396,7623,7755,8082,8084,8115,8172,8434,8534,8574,8620,8650,9310,9459,9506,9620,9641,9655,9797,10244,10314,10353,10421,10456,10517,10524,10577,10691,10784,10795,10835,10858,10891,10911,10925,10934,10982,10993,11105,11224,11237,11238,11298,11439,11556,11682,11833,12123,12214,12231,12300,12350,12351,12380,12516,12578,12589,12729,12756,12758,12763,12807,12883,12961,12982,13058,13342,13369,13408,13474,13884,13984,14126,14344,14404,14704,14820,14855,14907,14911,14957,15032,15100,15102,15117,15215,15398,15459,15471,15566,15584,15840,15983,16019,16035,16036,16520
45,96,124,269,428,640,854,941,1013,1226,1273,1475,1642,1835,1885,2162,2458,2498,2544,2589,2692,2740,2962,3228,3477,3602,3644,3702,3830,4002,4017,4051,4101,4168,4243,4304,4798,4956,5273,5354,5360,5378,5467,5620,5624,5692,5701,5960,6371,6518,6641,6651,6667,6670,6704,6961,7123,7268,7279,7310,7458,7490,7513,7749,7757,7834,8391,8602,8610,8981,9027,9195,9218,9314,9545,9571,9642,9667,9669,9852,9878,9934,10026,10043,10156,10213,10225,10414,10814,10825,10872,10904,11279,11319,11566,11800,11835,11864,11981,11995,12142,12143,12166,12187,12202,12215,12430,12499,12671,12698,12933,12955,13113,13124,13179,13207,13361,13601,13618,13914,14039,14097,14166,14385,14518,14636,14661,14783,14834,14851,14878,14937,15170,15192,15262,15347,15395,15624,15664,15766,16197,16229,16266,16353
33,192,327,353,364,470,810,888,908,943,1170,1183,1258,1540,1640,1754,1910,1949,1989,1995,2005,2253,2420,2469,2540,2728,2769,2974,3089,3134,3385,3502,3539,3564,3793,3880,3931,3975,4039,4314,4362,4430,4460,4488,4755,4787,4899,4939,4953,4998,5002,5318,5501,6071,6182,6295,6417,6482,6550,7008,7168,7171,7174,7204,7354,7368,7428,7711,7716,7792,7863,8091,8137,8297,8312,8351,8425,8552,8631,8705,8770,8861,8950,8952,9141,9281,9337,9501,9609,9719,9746,10137,10227,10281,10342,10450,10477,10489,10522,10615,10654,10711,10827,11222,11255,11390,11400,11426,11454,11480,11561,11605,11634,11714,11717,11763,11884,11897,11937,12026,12060,12135,12149,12298,12373,12374,12398,12451,12473,12484,12816,13132,13167,13170,13236,13323,13333,13458,13578,13644,13948,14041,14111,14123,14133,14260,14340,14382,14519,14554,14570,15011,15110,15183,15219,15340,15367,15427,15491,15551,15578,15761,15778,15860,16063,16224,16304,16318
51,143,144,321,471,530,597,623,625,681,729,750,792,869,1048,1055,1172,1278,1550,1565,1679,1682,1729,1744,1874,1901,1959,1960,2232,2310,2407,2415,2445,2584,2598,2762,2901,3037,3082,3119,3288,3377,3562,3806,3895,4084,4225,4374,4445,4499,4541,4677,4751,5314,5402,5409,5550,5617,5643,5675,5831,5844,6396,6713,6770,6832,6837,6984,7113,7324,7480,7497,7517,7611,7830,7854,7945,7962,8069,8114,8229,8759,8813,8819,8856,9000,9014,9063,9139,9353,9373,9478,9531,9548,9561,9753,9839,9860,10002,10195,10336,10345,10704,10931,11352,11432,11669,11705,11773,11790,11964,12126,12668,12711,12731,12963,13266,13405,13526,13649,13770,14113,14137,14186,14370,14398,14508,14587,14953,15234,15312,15329,15375,15394,15511,15770,15814,15846,16133
26,101,181,208,230,375,384,396,974,1045,1079,1517,1667,1786,1840,1861,2093,2104,2388,2504,2537,2588,2606,2714,2778,2904,3116,3171,3278,3399,3418,3603,3684,3904,4049,4109,4354,4466,4738,4799,5080,5157,5203,5389,5679,5783,5804,5883,5973,5979,6093,6124,6153,6453,6470,6852,7065,7142,7317,7508,7663,7719,7944,7968,8317,8440,8785,8798,8889,8973,8977,9020,9140,9204,9253,9256,9973,10084,10405,10548,10613,10719,10880,11092,11371,11410,11458,11644,11712,12261,12581,12741,12858,13123,13142,13242,13341,13381,13827,14047,14081,14184,14875,14908,15281,15715,15887,15970,16016,16165,16170,16237,16354,16367,16398,16529
201,664,798,906,1066,1252,1298,1350,1379,1463,2045,2646,2678,2764,2772,2927,2939,2948,3187,3327,3675,3796,4240,4413,4559,4666,5087,5101,5145,5592,5613,5728,5852,5972,6076,6190,6223,6224,6307,6506,6840,7007,7251,7321,7435,7456,7583,7849,7885,7901,7953,8117,8195,8399,8473,8490,8616,8842,8900,8906,8936,9257,9444,9483,9575,9677,9678,9707,10369,10397,10403,10651,10817,10890,10968,10996,11580,11587,11626,11698,11840,12032,12370,12456,12774,13023,13112,13164,13189,13234,13502,13505,13509,13586,13628,13759,13824,14000,14101,14405,14735,14809,14825,15045,15055,15122,15216,15237,15401,15497,15513,15567,15665,16085,16153,16180,16339,16341,16355,16388,16483
1121,1394,1705,1753,2102,2141,2218,2245,2541,2545,3144,3248,3471,3618,3668,3812,3855,4043,4414,4533,4565,4609,4639,4732,4745,4871,4978,5136,5223,5465,5848,5949,6119,6368,6683,6691,6785,7586,7810,7853,8192,8266,8304,8341,8408,8912,9080,9122,9133,9445,9491,9564,9629,9701,9795,9920,9933,10041,10120,10229,10439,10498,10667,10946,11073,11354,11380,11387,11519,11576,11656,12065,12124,12962,13503,13722,13739,13910,14206,14557,14644,14694,15068,15139,15144,15355,15357,15472,15661,15965,16094,16096,16198,16273,16308,16479
260,481,1161,1194,2234,2423,2431,2768,2852,2992,3259,3802,3805,3908,4065,4111,4373,4463,4659,5423,5427,5742,5836,5983,6006,6290,6474,6495,6537,6998,7661,8036,8725,8860,8968,9084,9202,9328,9430,9518,9525,9570,10078,10319,10490,10887,10898,11057,11171,11650,11972,12053,12428,12894,13003,13373,13384,13423,13655,13957,14595,14816,14943,14970,15002,15086,15247,15520,15641,15831,15854,16346,16375
10,91,1308,1310,1393,1415,1432,2036,2130,3237,3465,3745,4250,4921,4986,5619,6521,8101,8550,8583,8594,8930,9238,9331,9740,9871,10344,10470,11754,11821,11936,12748,13607,13653,13741,13772,13928,13945,14525,14537,15540,15686,16044,16131,16282,16497,16518
316,2341,2462,2894,3312,3877,4235,4450,6578,7143,7216,7660,7891,8017,8694,9028,10289,12884,13237,13547,13643,16074
6621,10295
