799,1087,1106,1387,1488,1837,2062,2469,3073,3187,3462,3775,3943,4074,4334,4996,5547,5808,5993,6178,6386,6593,7868,7948,8045,8055,8315,8327,8655,9040,10141,10365,11405,11430,12635,13922,15623,15740
123,227,398,413,1397,1567,1802,1911,2219,2473,2483,2675,2889,2890,2937,3207,3683,3747,4313,4385,4565,4778,4914,5052,5553,5871,5960,6040,6046,6949,7110,7333,7914,7949,8275,8362,8414,9172,9204,9298,9686,9883,10377,10471,10941,11134,11136,11262,11347,11513,11724,11975,12341,12668,12745,13013,13058,13315,13566,13818,14127,14225,14822,15448,15607,15891,15915,16009,16102,16378,16462
194,222,566,600,866,942,980,1095,1367,1432,1565,1673,2258,2267,2482,2520,2992,3059,3528,3563,3668,3827,3868,4083,4251,5125,5209,5214,5338,5364,5447,5674,5816,6289,6537,6644,6650,6751,6796,7169,7220,7298,7481,7543,7705,8121,8237,8506,8586,8588,9013,9053,9164,9174,9189,10261,10493,10652,10732,10737,11151,11290,11466,12383,12391,12445,12825,13238,13263,13972,14007,14085,14272,14276,14416,14843,14900,14935,15028,15539,15670,16019,16272
421,436,550,826,1135,1137,1201,1258,1566,2129,2179,2701,2956,3354,3498,3853,3963,4054,4067,4255,4941,5113,5243,5280,5306,5329,5572,5794,5945,5951,5978,6012,6470,6493,6913,7089,7278,7369,7518,7603,7652,7685,7869,8065,8081,8131,8365,8408,8453,8749,9076,9131,9313,9377,9406,9964,9978,10063,10156,10267,10546,11079,11247,11440,11984,12266,12738,13092,13412,13596,13772,13774,14646,14827,15063,15734,15929,15963
21,296,606,888,891,1118,1218,1361,1676,1791,1867,2049,2108,2720,2755,3369,3387,3433,3682,3815,4267,4362,4678,4818,5023,5459,5597,5751,5805,6069,6082,7037,7288,7624,7637,7702,7867,7880,8102,8191,8211,8302,8604,8796,8824,8931,9461,9712,9997,10094,10338,10656,10729,10847,11086,11120,11253,11370,11827,12178,12249,12424,12611,12641,12705,12876,12922,13198,13209,13500,13974,14162,14255,14319,14391,14781,14976,15431,15543,15571,15610,15788,15951,16295,16414
63,216,308,429,431,585,623,701,740,773,827,840,1070,1097,1150,1608,1990,2283,2310,2379,2435,2448,2931,2932,3121,3204,3459,3906,4301,4328,4482,4629,4716,4773,4977,5019,5241,5298,5387,5437,5825,5874,6057,6169,6243,6303,6616,6723,6977,7377,7415,7454,7833,8247,8846,8921,9134,9434,9580,10091,10475,10861,10887,10918,11201,11716,12128,12267,12412,12561,12719,13028,13266,13336,13393,13650,13891,14151,14189,14261,14321,14347,14605,14644,15040,15123,15131,15429,15639,15679,15935,15983,16111,16277,16485,16501
30,268,579,608,710,1225,1291,1316,1371,1394,1443,1851,2123,2352,2512,2518,2750,2837,2883,2904,3095,3123,3128,3295,3505,3642,3659,3759,3865,3912,4345,4399,4708,4799,4893,5042,5135,5189,5218,5516,5624,5741,5834,6129,6309,6846,6921,7200,7259,7471,7480,7679,7738,7766,7783,7897,8135,8199,8230,8291,8809,9070,9145,9540,9575,9906,10002,10059,10144,10187,10238,10425,10478,10575,10581,10719,10863,10906,10999,11073,11094,11127,11185,11277,11334,11453,11615,11978,12250,12430,12567,12652,12664,12761,13339,13488,13869,14200,14411,14437,14580,14618,14655,14678,14747,15120,15193,15305,15581,15715,15723,15770,16186,16341
255,313,515,614,659,997,1297,1306,1354,2880,2981,3126,3283,3403,3604,3681,3991,4001,4087,4383,4650,4744,5195,5439,5773,5792,6051,6059,6119,6284,6399,6856,6898,7122,7194,7398,7502,7558,7720,7745,8820,9093,9208,9311,9486,9670,9838,9972,10012,10231,10296,10348,10540,10993,11463,11508,11602,11749,11788,11801,12068,12195,12427,12576,12609,12694,12943,13332,13717,13914,14208,14218,14424,14619,14790,14916,15100,15107,15301,15388,15463,15554,15793,15918,16014,16016
277,393,724,747,902,1017,1374,1538,1639,1910,2105,2144,2344,2842,3336,3337,3476,3825,3911,3987,4025,4243,4337,4472,4731,5175,5328,5912,6047,6134,6244,6479,6932,7141,7227,7443,7834,8005,8031,8060,8103,8194,8239,8477,8544,8610,8789,8869,9179,9320,9452,9662,9705,10255,10279,10287,10290,10334,10449,10516,10695,10797,10839,10956,10959,10987,11402,11571,11665,11733,11778,11948,12199,12557,13101,13280,13362,13404,13547,13715,13930,14201,14417,14783,15048,15077,15172,15264,15672,15690,15742,15824,15856,16063,16122,16282
181,311,375,476,494,545,587,607,653,662,863,1096,1165,1232,1436,1516,1808,1922,2097,2747,2790,2822,2921,2925,2969,3137,3182,3311,3458,3490,3579,3698,3717,3723,3993,4371,4627,6038,6659,6711,6746,7009,7042,7066,7338,7544,7829,7858,8108,8909,8925,9035,9133,9266,9271,9324,9514,9601,9702,9932,10396,10441,11080,11413,11537,11997,12098,12420,12421,13029,13154,13494,13551,13610,13750,13987,14205,14363,14428,14629,14684,14721,14948,15039,15111,15369,15513,15704,16530
185,199,488,742,1195,1226,1244,1347,1652,1655,1670,2165,2228,2238,2351,2527,2672,2965,3107,3124,3272,3382,3422,3864,3872,3939,4039,4308,4323,4427,4555,4560,4592,4743,4903,4976,5018,5060,5396,5423,5489,5558,5584,5634,5640,5979,6441,7269,7336,7731,7870,7921,8072,8141,8376,9385,9417,9441,9594,9718,9759,9781,9850,10017,10205,10239,10268,10336,10456,10482,10553,10595,10790,10942,11144,11387,11497,11498,11575,11785,11804,12095,12339,12393,12544,12995,13142,13207,13513,13549,13651,13893,13948,13985,14159,14420,14546,14973,15021,15599,15816,16103,16164,16288,16370,16375
165,259,317,418,444,581,621,681,714,763,1277,1730,1843,1970,2268,2411,2638,2737,2753,2815,2839,2841,2972,3763,4081,4107,4150,4184,4348,4508,4746,4876,4970,4981,5058,5337,5492,5529,5569,5703,5937,6171,6462,6540,6652,6737,6755,6886,6939,7197,7450,7888,8181,8351,8488,8539,8680,8737,8747,9018,9612,9837,9893,10006,10106,10129,10326,10380,10823,11114,11419,11443,11472,11559,11585,11824,11995,12044,12222,12323,12350,12414,12509,12552,12615,13303,13317,13737,13942,15011,15545,15572,15999,16006,16459,16492
104,204,245,349,505,1425,1832,1954,2346,2544,2764,3185,3615,3699,3728,4012,4044,4137,4291,4364,4638,4958,5120,5467,5506,5721,5865,5964,6121,6250,6305,6382,6507,6695,6828,7052,7094,7785,7939,8043,8221,8282,8452,8811,8863,9482,9616,9632,9639,9875,9884,10068,10182,10242,10430,10862,10895,10911,10985,11119,11351,11438,11456,11732,12014,12021,12746,13172,13321,13439,13446,13583,13991,13999,14010,14228,14280,14313,15160,15245,15338,15394,15408,15420,15433,15498,15893
182,184,460,981,1273,1700,1721,1914,2221,2560,2647,3032,3140,3312,3313,3360,3364,3397,3428,3871,4459,4564,4711,4775,4776,4871,5096,5424,5671,5903,7079,7437,7516,7675,8083,8827,9042,9456,9472,10049,10053,10386,10473,10528,10706,10715,10761,10873,10919,11002,11569,11721,11758,12059,12482,12517,12680,12898,13590,13593,13875,14128,14193,14273,14495,14559,14634,14994,15014,15030,15185,15372,15417,15490,16081,16124,16417,16436,16541
52,213,262,612,854,864,1107,1127,1880,1940,2070,2299,2430,2491,2545,2556,2625,2821,2977,3170,3660,3727,3795,3814,3863,3951,4121,4812,4874,4905,5142,5353,5533,5696,5763,5767,5857,6042,6066,6093,6185,6344,6678,6832,7096,7339,7476,7895,8409,8498,8618,8845,8941,9077,9205,9577,9758,10087,10100,10446,10820,10838,10883,11021,11106,11909,11970,11996,12245,12287,12434,12526,12657,12704,12766,12799,12815,13036,13548,14109,14184,14474,14532,14639,15068,15293,15335,15888,16198,16372,16397,16423
539,872,890,948,1169,1473,2181,2410,2934,3178,3416,3444,3478,3515,3938,4115,4258,4547,4968,5477,5582,5637,5742,5899,6290,6313,6606,6630,6757,7082,7166,7238,7247,7327,7386,7494,7565,7664,7728,7909,8438,8463,8619,8646,8659,9136,9217,9366,9419,9462,9773,9881,10077,10079,10105,10113,10145,10281,11301,11596,11637,11794,11818,12220,12223,12224,12553,12585,12993,13061,13124,13464,13524,13843,14074,14277,14298,14538,14746,15556,15603,15640,15724,15934,16346,16443,16451
130,155,274,328,395,934,935,988,1337,1351,1379,1543,2175,2208,2390,2506,2688,2715,3022,3061,3216,3499,4130,4187,4403,4639,4835,4999,5288,5452,5567,5666,5896,5926,5971,5986,6376,6392,6598,6675,6741,6963,7035,7067,7076,7191,7224,7249,7366,7445,7486,7530,8033,8041,8253,8496,8919,9027,9489,9793,9799,9989,10071,10081,10265,10347,10447,10570,10630,10867,11016,11139,11171,11283,11395,11519,11564,11696,11697,11876,12030,12082,12173,12211,12662,12740,12978,13084,13318,13562,13754,13970,14617,14890,15031,15197,15403,16121,16252,16420
107,111,716,771,1426,1452,1519,1710,1756,1822,2485,2557,2777,2817,2832,3320,3380,4053,4327,4372,4626,4640,4819,4845,4921,5385,5487,5560,5594,5844,5947,6058,6272,6330,6853,6933,6971,7103,7140,7159,7181,7898,8062,8167,8353,8532,8536,8551,8701,8850,8856,8891,8996,9124,9169,9404,9578,9739,9777,9917,9937,9988,10056,10275,10403,10453,10603,10615,10633,10659,10749,10835,10898,11118,11177,11515,11651,11833,12120,12146,12197,12215,12456,12590,13012,13194,13330,13721,13844,13965,14270,14451,14572,15096,15215,15219,15368,15688,15814,16107,16507
1115,1185,1190,1635,1717,2125,2180,2441,2906,3935,4210,4625,4654,4713,5617,5984,6524,7404,7632,7777,7935,8034,8307,8665,8730,8803,8903,9518,9720,9795,10089,10378,10438,10904,10912,11026,12056,12723,12808,13708,14595,15666
