14,294,837,1639,1809,1984,3096,3768,3795,3984,4459,5280,5318,5504,6374,7112,7161,7248,7468,8132,8229
31,108,113,139,310,507,1171,1252,1301,1407,1584,1779,1959,2236,2247,2250,2587,2712,2727,2813,3123,3221,3328,3336,3397,3439,3576,3657,3893,3997,4254,4433,4648,4775,4854,5059,5593,5678,5804,6304,6631,6775,6879,7159,7169,7267,7584,7852,7863,7949,8110
452,512,563,568,609,765,841,1009,1248,1415,1455,1589,1643,2265,2338,2694,2864,2894,3427,3651,3749,3966,4061,4219,4354,4413,4517,4810,5316,5354,5439,5939,6168,6234,6319,6380,6524,6679,6782,7028,7411,7427,7628,7770,7825,7844,8159,8163,8211
77,366,645,1178,1283,1342,1353,1445,1519,1618,1702,1996,2078,2194,2277,2285,2375,2426,2455,2493,2643,2672,2774,2866,3026,3375,3566,3848,3891,3981,4304,4329,4390,4899,4985,5249,5326,5696,5756,5780,6451,6881,6907,7303,7346,7376,7396,7597,7754,7899,8172
795,898,1175,1366,1710,1835,2030,2039,2041,2122,2383,2475,2553,2579,2595,2686,2728,3261,3824,4114,4190,4255,4665,4780,4845,5202,5877,5878,6181,6221,6274,6288,6486,6528,7046,7065,7304,7595,7694,7880,7883,7892,8005,8118
38,242,291,379,634,974,1506,1547,1874,1896,2213,2325,2458,2597,2645,2677,3255,3437,3853,3855,4447,4542,4585,4930,5415,5436,5481,5680,5740,5758,5967,6075,6130,6928,6968,7019,7130,7343,7456,7606,7627,8223
451,615,642,651,764,793,908,1033,1076,1081,1400,1464,1626,1814,2033,2179,2509,2552,2556,2787,2987,3218,3291,3636,3652,4032,4044,4099,4180,4217,4667,4798,4830,5353,5638,5913,6126,6215,6249,6423,6676,6797,7371,7541,7598,7696,7704,7909,8013
16,65,556,1138,1406,1440,1454,1515,1603,1642,1733,1837,1858,2283,3671,3786,3958,4131,4144,4464,4635,4650,4708,4903,4997,5085,5245,5434,5681,5682,6148,6210,6218,6248,6321,6413,6505,6653,7576,7702,7851,7856,8095,8198
131,201,575,686,884,890,891,915,925,1298,1369,1436,1456,1973,2228,2315,2378,2425,3272,3372,3463,3515,3734,3847,4148,4200,4498,5154,5535,5559,5574,5710,5770,5882,5892,6187,6517,6597,7446,7555,7601,7679,7711,8222
41,98,261,691,883,1053,1186,1644,1732,1985,2069,2540,2965,3121,3209,3470,3616,3969,4008,4074,4298,4309,4431,4539,4761,4925,4962,5115,5312,5441,5540,5714,6222,6385,6702,6740,6905,7052,7073,7478,7497,7658,8043,8054
10,101,103,148,423,440,618,923,1505,1588,2544,2577,2620,2772,2906,3012,3136,3351,3409,3444,3539,3903,3936,4005,4161,4174,4271,4367,4401,4624,4864,5170,5179,5332,5461,5679,5700,5947,6632,6796,6840,6886,6910,7495,7510,7600,8241
84,247,273,395,560,737,963,968,1208,1295,1328,1715,2061,2093,2130,2272,2356,2427,2518,2569,2975,3152,3381,3432,4182,4448,4497,4589,4760,4976,4993,5009,5016,5045,5080,5160,5269,5403,5487,5518,5613,5627,5900,6198,6340,6549,6591,6603,6800,6863,7059,7104,7171
372,516,577,903,926,1377,1451,1918,1992,1998,2005,2307,2630,2723,3210,3415,3579,3706,4480,4933,5033,5576,5857,5969,6041,6115,6195,6705,6741,6828,6938,7665,7771,7843
21,27,170,271,341,523,613,861,921,1516,1616,2079,2842,2844,2973,3016,3755,3889,4127,4832,5081,5522,5569,5605,5635,5637,5661,5683,5731,6247,6665,6769,6987,7172,7229,7276,7513,7559,7634,7968,8064,8221,8243
260,269,282,373,739,857,1196,1419,1450,1744,1962,2111,2225,2235,2274,2318,2857,3306,3575,3757,3791,3833,3894,3963,4071,4410,4467,5052,5315,5647,5664,5736,5873,6147,6268,6311,6377,6426,6484,6507,6645,7079,7088,7148,7769,8148,8151,8233
338,639,931,944,969,1110,1348,1389,1857,1928,2102,2144,2212,2537,2633,2738,2739,2947,3173,3389,3476,3632,3809,3826,3860,3880,4139,4749,5241,5615,5777,5917,6136,6730,7281,7307,7710,7733,7928
0,97,227,251,319,386,621,730,909,1179,1270,1443,1499,1723,1725,1748,1780,1789,1878,1957,2082,2424,2651,2817,2872,2939,3626,3686,3689,3760,3979,4013,4209,4211,4247,4434,4560,4762,5098,5235,5251,5371,5425,5991,6282,6463,7191,7386,7542,7613
161,200,267,349,715,755,1264,1326,1936,1940,2354,2382,2652,2693,2767,2819,2994,3015,3077,3321,3645,3789,3974,4429,4479,4601,4677,4730,4860,5201,5406,5469,5505,5515,5581,5768,5875,6861,6971,6991,7198,7322,7768,8062,8093
72,117,225,327,359,744,991,1378,1414,2538,3517,3697,4167,4628,4818,5447,6452,6578,6610,7179,8105
