100,1213,1365,1560,2144,3184,4401,4508,4524,4683,4824,4943,6026,6067,7270,7547,7760,7865
23,178,434,496,638,1201,1270,1472,1643,1651,2260,2309,2360,2653,2878,3230,3696,4171,4358,4389,4450,4635,4794,5108,5198,5405,5436,5474,6213,6310,6616,6676,6792,6807,6886,7036,7374,7573,7591,7786,7791,7931,7952
45,69,127,164,175,204,220,460,684,740,826,1080,1088,1501,1553,1644,1710,1712,1853,2078,2185,2293,2569,2735,3080,3416,3593,3789,3880,4430,4496,4604,4668,4838,4862,4941,5078,5565,5701,6014,6207,6242,6348,6444,6697,6793,6955,7138,7275,7291,7364,7391,7396,7468,7758,8002
350,519,726,736,798,1457,1614,2559,2623,3445,3508,3541,3741,3831,3957,4019,4102,4179,4306,4310,4660,4814,4847,4999,5050,5440,5476,5506,5616,5791,5927,6027,6215,6606,6703,7316,7371,7575,7610,8061
203,333,345,705,762,1099,1313,1429,1722,2047,2128,2355,2420,2702,3058,3153,3169,3180,3712,3812,3868,3977,4100,4363,4495,4519,4863,5088,5344,5533,5579,6091,6101,6172,6201,6315,6398,6626,6932,7199,7323,7650,7651,7674,7908,7917
110,230,378,778,1138,1192,1299,1600,1645,2025,2133,2270,2751,3205,3267,3456,3622,3953,4071,4180,4211,4293,4364,4378,4521,4952,5208,5308,5494,5705,5923,6208,6441,6474,6556,6978,7310,7942
683,1730,1994,2354,2426,3317,3560,3580,3604,3680,3704,3706,3748,4094,4149,4256,4281,4380,4753,4797,5023,5105,5383,5384,5395,5716,5737,5898,6098,6338,6581,7593,7969
50,463,789,915,1107,1846,1862,1943,1960,2233,2314,2567,2799,3084,3208,3302,3347,3374,3440,3702,4222,4259,4407,4528,5046,5601,5673,5711,6006,6193,6346,6434,6473,6558,7368,7492,7676,7717,7718,7915,8026
15,268,485,967,1449,1561,1684,1767,1886,1950,1995,2035,2316,2364,2554,2627,2682,2789,2988,3192,3219,3395,3570,3682,3786,3799,3921,4446,4477,4489,4652,4697,4739,4751,4891,5183,5223,5293,5441,5626,5750,5807,5968,6572,6929,7053,7089,7627,7961,7967,8019
112,317,386,539,648,702,976,1699,1915,1982,2115,2187,2211,2223,2676,2817,3018,3129,3155,3199,3333,3484,3820,3845,3993,4001,4070,4105,4226,4535,4537,4662,5030,5201,5258,5345,5351,5652,5730,6145,6702,6714,6759,6993,7417,7607,8064
13,24,139,279,404,417,443,493,592,903,1047,1277,1347,1353,1505,1603,1677,1810,1925,2005,2123,2140,2145,2408,2497,2692,3059,3349,3351,3773,3857,4049,4332,4715,4777,5259,5285,5947,6168,6184,6709,6945,6947,7070,7309,7350,7405,7679,7903,7913,7974
510,534,611,654,812,1003,1127,1546,1727,1934,1949,1997,2037,2477,2695,2742,2833,3312,3334,3676,3742,3790,3933,4086,4506,4680,4834,5903,6030,6283,6385,6460,7200,7356,7529,7706,7729,7832
26,374,823,852,925,1037,1058,1196,1626,1726,2257,2424,2456,2552,2619,2644,3027,3094,3150,3380,3462,3555,3595,3904,4128,4197,4269,4298,4341,4395,4484,4815,4933,5550,5647,5708,6298,6369,6571,6585,7333,7336,7570,7656,7906
619,1038,1220,1258,1269,1461,1563,1602,2098,2162,2451,2523,3111,3270,3292,3325,3385,3605,3617,3690,3830,3997,4201,4319,4410,4629,4678,4895,5100,5116,5209,5462,5724,6389,6396,6449,6713,6827,6830,7022,7395,7904,8033
134,375,1373,1488,1794,2395,2638,2803,3139,3306,3455,3495,3765,3804,3940,4505,4580,4593,4711,4723,4820,5180,5211,5342,5465,5475,5532,5902,5921,6143,6223,6286,6371,6600,6666,7076,7297,7677,7830,7859,7936
80,282,286,641,696,865,888,996,1249,1497,2460,2675,2851,2932,2993,3010,3213,3936,4120,4215,4692,4925,4998,5015,5048,5845,5915,6022,6132,6190,6529,6568,6603,6658,7211,7459,7501,7604,8049
121,194,353,399,563,743,818,870,1050,1167,1177,1182,1260,2126,2416,2668,2885,2925,3026,3258,3355,3365,3460,3522,3772,4009,4075,4125,4272,4273,4277,4736,4792,5429,5536,5545,5809,6033,6034,6220,6466,6624,6636,6652,7177,7334,7419,7596,7698,7951,7971
176,560,566,600,759,1021,1638,1877,1973,2038,2100,2116,2349,2766,2906,2974,3624,3846,3876,3903,4311,4440,4846,4858,5037,5360,5963,5997,6288,6329,6330,6641,7191,7245,7565,7587,7621,7686,7829,7891,7981
310,634,872,1092,1100,2036,2481,2680,3166,3420,3654,4099,4390,5622,5743,5916,5988,6364,6593,8054
