1201,1617,2095,2623,2726,3731,3978,3991,4389,4637,5104,6067,6358,6396,6496,6588,7029,7290,7357,7918,8276,8861,9152,9341,9439,9806,9880,10181,10582,10662,10883,10933,11140,11269,11496,11703,11726,12214,12444,13431,14061,14143,14625,14690,15158
232,377,609,695,819,876,912,944,950,956,1655,1714,2314,2736,2911,3531,3634,4285,4632,4850,5096,5190,5265,5266,5337,5480,5593,5609,5764,5775,6000,6026,6497,6614,6803,6850,6941,7040,7240,7251,7381,7706,8203,8402,8418,8439,8636,9001,9029,9034,9104,9870,9928,9990,10123,10776,10790,11038,11206,11358,11465,11746,11766,11887,11891,11994,12081,12155,12323,12692,12796,12908,13042,13060,13158,13451,13683,13695,13753,13848,13944,14196,14474,14497,14562,14741,15015,15109
70,78,224,401,958,1228,1289,1686,1818,1826,1868,1970,2709,2753,2886,2932,2942,3330,3387,3424,3647,3776,4174,4228,4258,4420,4427,4617,4621,4691,4940,5405,5642,5847,5879,5950,5994,6005,6152,6318,6395,6526,6696,6811,6831,6860,6894,7020,7107,7316,7808,7824,7959,7961,8248,8337,8394,8724,9299,9327,9569,9719,9814,9904,9909,10676,11443,12106,12312,12383,12572,13194,13285,13311,13613,14348,14376,14427,14953,15173
558,559,758,916,1029,1072,1147,1588,2129,2200,2433,2523,2925,3225,3453,3714,3786,3810,3990,4018,4859,5026,5116,5523,5588,5670,5700,5709,5902,5918,6278,6598,6822,7065,7114,7296,7347,7686,7823,7915,8154,8299,8311,8720,8930,9022,9089,9621,9834,9855,9912,10179,10307,10308,10367,10462,10932,11233,11272,11727,11733,11950,11974,12144,12190,12386,12753,12764,12902,13196,13402,13533,13660,13936,14005,14083,14202,14302,14512,14686,14823,14854,14856
5,245,418,644,784,839,970,1003,1583,1735,1794,1947,1960,2015,2451,2593,2700,2730,3016,3029,3193,3426,3524,3594,4071,4218,4236,4524,4772,4900,4908,5186,5279,5395,5516,5544,5554,5628,5792,5894,6109,6288,6340,6529,6743,6793,6802,6871,7111,7198,7366,7401,7448,8723,8872,8885,9024,9175,9338,9704,10284,10377,10390,10455,10691,10855,10911,11009,11276,11491,11562,11767,11991,12024,12344,12512,12962,13279,13438,14281,14484,14581,15107,15129
188,289,587,857,943,1040,1047,1058,1251,1283,1347,1477,1584,1607,1787,1865,1912,1969,2028,2319,2353,2374,2675,2767,2927,3652,3720,3903,4096,4223,4551,4557,4698,5025,5198,5258,5326,5886,6223,6297,6462,6479,6690,6922,7009,7182,7493,8071,8098,8111,8132,8147,8162,8239,8453,8555,8557,8701,8747,8830,9161,9507,9627,9868,10169,10413,10586,10812,11117,11216,11437,11566,11656,11932,12147,12181,12378,12419,12556,12630,12823,12841,13001,13055,13176,13278,13396,13397,13470,13518,13797,13943,13985,14032,14067,14338,14516,14587,14725,14740,14763,14764,14891
112,256,385,588,672,780,804,807,1027,1178,2371,2494,2759,2774,2978,3045,3324,4079,4204,4260,4311,4558,4580,4885,5250,5904,5940,6002,6332,6561,6733,7156,7190,7507,7534,7773,8454,8798,8863,8869,9018,9297,9518,9789,9979,9989,10338,10641,11074,11156,11258,11336,11623,11695,11788,11797,11850,11869,11959,12459,12915,12967,13056,13067,13144,13303,13725,13805,13886,14440,14470,14514,14541,14751,14844,14907,15070,15116,15197
29,183,303,497,779,922,1091,1417,1422,1442,1450,1478,1632,1669,1931,1961,2021,2084,2285,2350,2389,2574,2609,2949,3303,3472,3490,4347,4394,4509,4562,4857,5093,5342,5712,6082,6391,6397,6486,6650,7128,7144,7557,7716,7822,7897,8135,8184,8429,8504,8558,8596,8946,8974,9108,9380,9875,9972,10008,10052,10081,10194,10351,10445,10449,10523,10541,11161,11239,11404,11981,12050,12352,12616,12684,12956,13130,13136,13232,13310,13323,13453,13544,13746,13836,13864,14377,14408,14583,14639,14873
90,501,1232,1472,1635,2391,2428,2434,2812,2868,2989,3235,3244,3284,3309,3323,3416,3569,4191,4489,4653,4706,4843,5033,5101,5214,5282,5336,5915,6272,6569,6622,6688,6943,7609,8729,8803,9223,9289,9354,9443,9505,9901,9907,10032,10174,10208,10231,10444,11012,11724,12134,12426,12538,12743,12771,13148,13168,13355,13414,13520,13553,13677,13954,13968,14577,14661,14839,14876,15183
19,76,89,512,645,796,1123,1258,1355,1486,1672,1956,2757,2997,3117,3212,3219,3386,3507,3637,3749,3847,3998,4113,4143,4153,4265,4575,4606,4688,4841,5030,5041,5130,5206,5312,5486,5518,5714,6139,6144,6225,6247,6492,6558,6686,6855,7045,7241,7311,7348,7532,7673,7840,7964,8073,8228,8273,8542,8589,8722,8978,9002,9008,9198,9389,9560,9766,9873,10030,10065,10654,10772,11031,11366,11536,11540,12017,12409,12756,13045,13091,13105,13216,13586,13697,14236,14282,14368,14534,14924
34,56,453,521,773,828,1171,1637,1757,1784,1884,2426,2521,3281,3290,3449,3557,3853,4273,4418,4517,4549,4684,5023,5094,5185,5255,5381,5437,5817,5884,5952,6064,6511,6553,6798,6889,6903,7064,7176,7302,7437,7593,7884,8323,8525,8550,8719,8962,9241,9588,9927,10094,10143,10333,10350,10391,10590,10603,10795,11129,11146,11624,12109,12458,12527,12535,12554,13479,13594,13782,14130
45,347,413,530,666,750,834,844,1152,1250,1448,1461,1886,1891,1932,2106,2181,2276,2528,2810,2820,3402,3428,3431,3501,3549,3621,3918,4130,4141,4470,4894,4974,5064,5155,5189,5235,5345,5458,5542,5657,5856,5926,5996,6078,6229,6239,6653,6655,6901,6905,7067,7323,7396,7596,7756,7831,7838,7879,7937,7956,8007,8037,8390,8883,9371,9377,9512,10051,10086,10096,10484,10511,10546,10783,10981,10982,11285,11468,11824,12238,12307,12380,12832,13040,13237,13430,13465,13471,13819,14093,14228,14388,14481,14618,14739
186,248,583,781,1048,1192,1223,1702,1717,1796,1820,2039,2222,2573,2629,2668,3141,3232,3260,3753,4024,4430,4446,4469,4585,4645,4678,4722,4789,4847,4926,4996,5349,5362,5489,5605,5751,5827,6105,6313,6508,6651,7089,7260,7333,7504,7625,7635,7979,8179,8503,8687,8884,8908,8953,8966,9563,9605,9612,9978,9984,10098,10493,10509,10514,10549,11217,11635,11985,12159,12536,13069,13328,13346,13391,13788,14181,14513,14657,14787,15174
234,675,723,960,1103,1359,1841,1978,2019,2223,2261,2379,2425,2473,2607,2685,3027,3133,3291,3325,3338,3463,3576,3824,3854,3910,4364,4512,4874,4914,5037,5350,5369,5573,6068,6091,6146,6512,6790,6815,6898,7010,7261,7413,7580,7927,8183,8254,8353,8897,9467,10156,10383,10470,10508,10525,10670,10949,11357,11483,11512,11593,11657,11710,11806,11899,11900,12011,12083,12090,12218,12544,12674,12754,12763,12846,12849,12984,13308,13337,13361,13467,13834,14006,14369,14911,15088,15216
10,326,387,395,526,541,636,700,786,816,1264,1527,1661,1895,2006,2061,2100,2432,3076,3078,3103,3380,3632,3664,4073,4267,4307,4329,4358,4431,4452,4568,4856,4919,4977,4994,5095,5230,5407,5414,5603,5606,5631,5741,6004,6088,6169,6312,6552,6776,6808,7667,7712,7750,8044,8064,8106,8322,8648,8769,8923,9194,10003,10034,10371,10619,11189,11755,11781,12640,12925,13061,13199,13259,13313,13342,13375,13486,13517,13605,13609,14176,14365,14477,14508,14537,14591,14630,14734,14748,15073
345,664,808,1321,1502,1587,1701,2001,2067,2232,2239,2829,3001,3125,3131,3468,3574,4149,4361,4464,4602,4795,4955,5021,5390,5671,5791,5875,6047,6199,6269,6698,7443,7755,7938,8377,8717,8994,9730,10597,10630,10671,10719,10781,11035,11090,11152,11426,11528,12092,12124,12603,12606,12657,12666,12736,12928,13025,13119,13339,13772,14221,14387,14439,14472,14774,14828,14896,14930,15128,15134,15169
667,734,805,884,907,1216,1483,1498,2055,2098,2158,2559,2712,2728,2772,2794,3165,3395,3398,3772,3976,4083,4150,4241,4374,4429,5123,5173,5297,5607,6012,6056,6112,6339,6892,6932,7105,7575,7784,8013,8120,8456,8592,8860,8916,8965,9230,9273,9666,9745,9922,10001,10005,10075,10234,10240,10412,10718,11102,11213,11364,12074,12373,12394,12655,12714,12735,12881,12935,12969,12992,13093,13172,13322,13395,13493,13532,13536,13781,13807,13894,14656,14834,14849,14964
1016,1053,1383,1392,1400,1402,1443,1459,1623,1662,1741,1951,2215,2220,2263,2606,2616,2869,2895,2952,3231,3351,3547,3605,4039,4135,4168,4663,4733,5003,5059,5526,5546,5786,5832,5985,6043,6292,6343,6435,6577,7412,7417,7452,7520,7611,7627,8334,8548,8961,9326,9421,9550,9599,9726,9780,10317,10668,11130,11205,11429,11629,11977,12007,12035,12063,12177,12574,12643,12749,12882,12918,13033,13341,13358,13501,13624,13717,14985,15106,15168,15172
312,1366,1779,2133,2224,2267,2375,2602,3146,3382,3701,3770,4111,4136,4362,4411,4646,4822,5140,5199,5949,6403,6465,6870,6990,7342,7462,7655,7864,7962,8321,8818,8850,8905,9017,9103,9141,9395,9604,9846,10056,10336,10570,10615,12246,12469,12687,12900,12934,13336,13749,13761,13898,14015,14103
