740,860,3784,4368,4784,6106,6142,6934,7048,7157,8118,9321,9510,10451,11104,11491,11807,12401,12721,13272,13811,14930
189,248,315,885,1299,1528,1588,1748,1938,2228,3366,3832,3856,3861,4232,4371,4567,5087,5112,5298,5304,5595,5824,6098,6315,6456,6691,6874,7016,7081,7500,7536,8102,8469,8490,9224,9582,10072,10210,10410,11221,11510,12041,12183,12812,13971,14309,14901,15104
75,169,314,633,780,937,1228,1511,1590,2357,2668,2767,3061,3092,3373,3595,3906,4129,4379,5044,5048,5173,5451,5562,6837,7074,7085,7086,7678,8510,8582,8981,9091,9308,9352,9742,10556,10771,10825,11049,11282,11814,11907,12454,12571,13051,13325,13732,13774,13832,14004,14073,14097,14101,14298,14332,14377,14626,14893,14895,15147,15166
23,63,113,209,227,486,518,552,609,916,925,1172,1357,1488,1495,1529,1637,1677,1950,1986,2569,2589,2755,2802,2810,2874,2935,3148,3186,3210,3345,3705,3816,3857,3935,4140,4333,4637,4698,4810,4812,5096,5120,5181,5261,5271,5359,5374,5499,5713,6239,6451,6599,6662,7001,7057,7236,7301,7455,7475,7703,7840,8007,8058,8116,8173,8401,8462,8774,8775,8887,8940,9180,9201,9245,9266,9640,9701,9780,10002,10055,10355,10584,10601,10778,10854,10917,11034,11119,11247,11291,11532,11544,11546,11625,11811,11973,12120,12170,12196,12202,12300,12366,12850,12955,13045,13213,13298,13301,13323,13387,13525,13647,13850,13864,13925,14064,14287,14310,14391,14576,14596,14634,14657,14772,14886,15019
0,78,139,515,567,764,869,1082,1249,1365,1525,1964,2066,2532,2553,2582,2705,2728,2783,2835,2909,3065,3120,3149,3156,3382,3644,3676,3742,3743,3766,3826,3850,4255,4520,4566,4827,5074,5155,5371,5401,5509,5515,5576,5586,5634,5647,5719,5768,5841,5872,5886,6174,6184,6291,6305,6724,6816,6863,6898,6971,6982,7362,7498,7585,7671,7723,7792,7834,8101,8132,8594,8834,9074,9120,9302,9304,9316,9405,9530,9639,9746,9784,9838,10129,10272,10309,10336,10559,10936,10954,10970,11134,11232,11251,11480,11493,11840,12096,12213,12227,12301,12338,12346,12806,13006,13013,13086,13109,13296,13506,13583,13628,13866,13952,13957,14245,14263,14459,14584,14755,14825,14911,14959,15058,15079,15121,15138
183,212,254,261,279,317,357,395,453,607,1025,1077,1105,1119,1135,1190,1301,1416,1610,1614,2145,2267,2275,2412,2438,2490,2754,2806,2955,3317,3442,3455,3586,3606,3623,3689,3787,3950,4006,4101,4120,4138,4161,4223,4633,4967,5038,5358,5391,5400,5444,5452,5456,5543,5611,5642,5656,5763,5869,6196,6365,6475,6665,6672,6715,6940,7238,7289,7321,8311,8329,8562,8758,8792,9313,9324,9396,9407,9480,9843,9875,10203,11231,11320,11429,11567,11694,11794,11833,11978,12068,12240,12371,12516,12569,12788,13119,13627,13716,13758,14104,14123,14143,14150,14195,14346,14789,14953,15028
64,70,240,376,394,991,993,1271,1339,1418,1983,2004,2031,2048,2082,2332,2418,2512,2579,3048,3113,3169,3300,3446,3569,3619,3707,4075,4193,4318,4367,4396,4442,4735,4892,5230,5268,5365,5387,5525,5782,5833,5900,6116,6158,6173,6176,6303,6697,6887,7437,7540,7581,7709,7785,7851,7885,7894,8027,8041,8055,8062,8642,8666,8831,9327,9478,9555,9736,9788,10094,10234,10265,10371,10614,10723,10779,10945,11004,11145,11158,11230,11427,11543,11668,11684,11950,12888,12921,13048,13065,13260,13294,13536,13592,13773,13821,13825,13905,13945,14010,14049,14223,14428,14572,14680,14699,14810,14951,15060,15112,15134
253,449,565,673,691,1033,1121,1310,1370,1393,1450,1554,1606,1740,1788,1808,2274,2440,2442,2601,2697,2910,2950,2971,3025,3220,3228,3311,3369,3454,3460,3551,3578,3785,4085,4143,4289,4565,4687,5036,5132,5254,5272,5335,5687,5764,5844,6002,6035,6076,6112,6137,6302,6548,6810,6846,6858,7120,7207,7328,7864,7934,8070,8250,8285,8458,8719,8747,8785,9001,9156,9309,9437,9527,9534,9669,9766,9798,10212,10273,10445,10455,10462,10558,10621,10842,10921,10958,11012,11032,11253,11388,11419,11496,11613,11640,11641,11780,11909,11945,11996,12004,12078,12092,12288,12341,12417,12456,12518,12590,12916,13026,13223,13257,13297,13335,13378,14035,14280,14375,14646,14695,14977,15054,15127
6,45,170,367,430,1264,1735,1804,1876,1911,2036,2095,2227,2303,2558,2564,2593,2779,3008,3087,3247,3289,3347,3352,3362,3441,3621,3627,3666,3686,3760,3789,3902,4014,4059,4114,4461,4558,4667,4839,4886,4986,5020,5042,5063,5071,5113,5117,5142,5216,5326,5473,5512,5648,5842,5888,6059,6097,6140,6208,6260,6320,6520,6560,6666,6706,6710,6711,6792,6931,6965,7071,7237,7334,7335,7611,7616,7701,7800,7852,8087,8091,8096,8238,8266,8522,8673,8772,8895,8989,9118,9348,9421,9487,10017,10081,10436,10480,10750,10845,10966,11101,11102,11276,11415,11485,11586,11709,11798,11832,11868,11915,12062,12119,12295,12420,12576,12587,13001,13034,13230,13341,13399,13558,13696,13755,13843,13862,13939,14297,14366,14380,14441,14515,14618,14658,14888,15048,15130,15188,15190
319,432,481,524,750,785,833,846,972,1036,1217,1219,1340,1432,1763,1879,1920,1944,2052,2083,2132,2164,2181,2308,2390,2435,2441,2502,2503,2555,2619,2843,2932,2959,3035,3108,3147,3303,3543,3603,3711,3741,3868,4035,4070,4144,4302,4373,4433,4450,4540,4635,4979,5013,5311,5325,5412,5431,5439,5517,5623,5988,6034,6052,6143,6283,6532,6573,6642,6671,6712,6880,7065,7461,7702,7906,7913,8153,8320,8322,8354,8511,8599,8682,9004,9010,9043,9125,9236,9259,9336,9526,9673,9694,9773,9828,9855,9999,10047,10071,10136,10337,10819,10946,11115,11248,11501,11531,11556,11698,11834,11849,11880,12134,12163,12517,12563,12822,12859,12924,12995,13123,13225,13688,13748,13787,14084,14213,14222,14303,14360,14456,14468,14489,14555,14591,14799,15005,15182
163,231,241,365,787,788,807,929,933,951,984,997,1026,1178,1371,1452,1731,1780,1816,1823,1896,1993,2180,2251,2257,2294,2508,2572,2585,2696,2733,3091,3111,3127,3195,3411,3428,3510,3786,3825,3881,4155,4276,4324,4561,4573,4609,4743,4777,4822,4883,4946,4985,5066,5310,5493,5550,5558,5628,5638,5673,5791,5864,5868,5892,5972,5982,6130,6162,6246,6537,6547,6605,6796,6923,6958,6993,7084,7165,7310,7390,7428,7863,7945,8018,8025,8219,8277,8356,8365,8379,8454,8503,8618,8705,8823,8983,9132,9383,10016,10137,10140,10170,10598,11045,11454,11675,11688,11836,11839,11853,11927,12066,12232,12388,12492,12654,12724,12840,12860,12918,13100,13191,13389,13497,13502,13793,13800,13871,14022,14052,14393,14412,14433,14724,14788,14803,15160,15177
22,89,114,143,731,903,979,1247,1612,1686,1711,1810,1826,1886,1926,2209,2334,2361,2385,3292,3395,3474,3478,3558,3593,3702,3812,3821,3961,3965,4029,4356,4363,4406,4483,4545,4554,4880,4960,4980,4994,5051,5784,5807,5960,6009,6187,6222,6243,6657,6699,6740,6756,6855,6954,7002,7036,7176,7369,7983,8045,8261,8412,8493,8496,8507,8608,8678,8693,8751,9175,9188,9295,9301,9351,9710,9801,9871,10023,10078,10286,10288,10528,10636,10906,11024,11039,11076,11095,11103,11107,11214,11401,11519,11582,11592,11653,11757,11896,11940,11998,12006,12045,12121,12208,12210,12373,12487,12524,12588,12618,12745,13265,13421,13467,14479,14569,14667,14673,14748,14876,14941,15077,15093,15145
107,306,512,619,661,809,857,1062,1322,1378,1627,1648,1767,1778,1796,1873,1912,2126,2147,2211,2225,2337,2473,2524,2634,2644,2649,2948,2979,3034,3378,3468,3479,3583,3952,3978,3989,4171,4207,4214,4310,4487,4591,4721,4835,4914,5183,5395,5821,5830,5976,6022,6269,6362,6466,6530,6920,7177,7431,8337,8387,8559,8598,8604,9024,9053,9444,9607,10030,10032,10453,10576,10720,10951,10969,11109,11462,11559,11863,11911,12027,12057,12230,12345,12357,12445,12565,12834,12886,13008,13129,13181,13199,13351,13507,13571,13657,13999,14056,14556,14635,15098,15191
17,35,174,290,448,461,600,1352,1483,1536,1707,1708,1741,2009,2114,2123,2141,2179,2238,2388,3128,3224,3253,3260,3556,4275,4417,4556,4680,4833,4925,5149,5385,5458,5502,5651,5849,6168,6859,7501,7618,8022,8323,8349,8515,8558,8972,9244,9307,9374,9455,9457,9751,9958,9985,10003,10052,10138,10146,10525,10751,10796,10865,10918,10957,11058,11271,11328,11353,11420,11487,11550,11589,11941,12011,12107,12635,12720,12851,13159,13751,13768,13964,13979,14020,14113,14159,14282,14294,14631,14687,14778,14872,15031,15176
46,479,751,1387,2415,2475,2899,2936,3236,3703,3899,4328,4492,5000,5094,5259,7039,7999,8749,8944,9099,9287,9439,10365,12700,13011,13088,13595,14252,15116
