583,804,835,873,1435,3461,3470,3712,3732,3931,4026,4107,4425,5016,5515,5519,5685,5871,6884,7320,8007
222,264,411,493,573,636,818,1173,1748,1981,2150,2168,2186,2210,2213,2458,3150,3270,3434,3542,3657,3770,3808,3939,3967,4060,4085,4316,4397,4607,4660,5231,5810,5916,6135,6138,6151,6315,6369,6700,6816,6960,6994,7112,7119,7132,7319,7321,7357,7692,7877,7931,8090
28,160,606,1250,1407,1633,1773,2010,2072,2139,2570,3244,3389,3429,3503,3543,3642,4137,4412,4504,4572,4687,5192,5489,5921,6089,6094,6731,6841,6983,8136
38,296,363,714,918,981,984,1410,1416,1903,2166,2380,2432,2565,2594,2709,2726,2751,2790,2836,2867,3103,3351,3511,3680,3748,3820,3933,4034,4207,4223,4320,4379,4606,4741,5078,5082,5148,5168,5223,5633,5646,5865,5903,5983,5985,6043,6286,6308,6317,6366,6586,6819,7154,7268,7569,7888
140,931,1057,1177,1441,1475,1951,1986,2628,2780,2928,3126,3308,3469,3552,3979,4237,4322,4511,4627,4646,5239,5455,5833,5836,5841,6087,6117,6305,6655,6778,6877,7194,7329,7526,7706,7852,8001,8071,8088
608,751,1398,1607,1637,1681,1750,1941,2123,2154,2190,2295,2745,3031,4192,4690,4714,4727,5272,5653,5837,6478,6529,6577,6881,7305,7333,7696,7756,7985,7989,8108,8133
376,402,578,655,1584,1787,2133,2615,2620,2765,2871,2892,3051,3204,3245,3414,3454,3667,3739,3942,3999,4059,4276,4605,4674,5098,5227,5466,5635,5721,5849,5996,6236,6344,6349,6358,6517,6791,6813,6814,7071,7309,7349,7631,7650,7868
215,218,228,257,709,1394,1552,2135,2143,2307,2499,3241,3392,3535,3769,4068,4355,4672,4865,5219,5381,5521,5555,5604,5609,5953,6108,6199,6297,6348,6449,6658,6702,6872,6952,7013,7271,7382,7534,7717,7729,8098
21,440,852,913,1109,1141,1500,1510,1772,2321,2335,2430,2981,3018,3327,3377,3415,3538,3844,4027,4130,4388,4584,4696,4764,4888,5125,5628,5812,5876,5910,6206,6266,6274,6538,6610,7226,7246,7429,7797,7841,7927,8068,8126
197,249,353,357,455,774,809,894,1097,1187,1308,2721,2740,2809,3003,3177,3260,3464,3640,3662,3696,4338,4448,4814,4860,4890,5034,5203,5383,5405,5551,5673,5792,5914,5920,5935,6098,6244,6450,6477,6704,6792,6874,7069,7090,7364,7809,7950,8035
65,131,604,785,1016,1101,1303,1483,1511,1938,1960,1968,2294,2647,3002,3053,3202,3249,3353,3425,3683,3691,4210,5038,5449,5737,6042,6111,6384,6611,6922,6931,7088,7300,7480,7535,7581,8048
61,395,615,866,921,1140,1257,1305,1821,2909,2946,3043,3168,3198,3281,3818,3885,4020,4073,4114,4782,4859,5048,5681,5708,5765,5821,6149,6420,6807,6824,6964,7303,7577,7981,8026,8157
101,328,407,467,482,853,891,917,1041,1172,1428,1465,1498,1645,1846,1964,1991,2020,2032,2452,2869,2872,2873,2939,2986,4185,4288,4668,4965,5085,5278,5347,5355,5510,5586,6012,6080,6086,6429,6748,6986,7185,7459,7541,7821,7925,8024
70,102,153,181,534,605,847,900,914,951,985,1010,1271,1603,1606,1624,1747,2094,2136,2197,2314,2766,3340,3623,4746,4795,4829,4835,5073,5213,5237,5261,5392,5675,5742,5825,5892,6507,6737,7087,7339,7552,7573,7667,7727,7970,7997
6,115,226,480,696,978,1002,1136,1155,1246,1446,1491,1534,1574,1774,2172,2584,2851,3246,3252,3282,3462,3599,3650,3653,3923,4391,4514,4590,4715,4801,4949,5039,5160,5560,5881,6153,6282,6434,6475,6476,7213,7462,7677,7785,7786,7795
47,156,202,220,244,524,571,750,812,824,865,877,1071,1107,1382,1406,1438,1636,1751,1762,1827,1914,2095,2169,2676,2729,2739,2749,3371,3449,3727,3881,3981,5548,5652,5691,5884,6068,6333,6355,6558,6678,6767,6775,6797,6821,7102,7106,7265,7289,7290,7358,7456,7489,7659,7893,7938,8061
112,169,390,476,539,625,732,1052,1655,1659,1667,1721,1890,1919,2296,2400,2686,2757,3132,3322,3491,3602,3835,3883,3947,3955,4098,4387,4662,4791,5308,5458,5530,5567,5569,5585,5710,6270,6375,6630,6776,6777,7060,7527,7556,7746,7749,7819,7957
32,212,345,645,676,706,1089,1473,1683,1814,1935,1969,2036,2532,2754,2901,2943,3265,3279,3428,3442,3609,3730,3773,3968,4014,4312,4362,4610,4787,4810,4957,5063,5167,5351,5478,5513,5649,5823,5967,6103,6136,6527,6541,7427,7454,7611,7694,7863,7932
190,518,703,1363,1577,2319,2611,2731,3673,3825,3970,4466,5201,5592,6075,7059,7528,7641,7792
