152,394,521,1112,1344,1560,2098,2570,3833,4641,4918,5148,5273,5492,5589,5885,6292,6656,7550,7852,7855,8205
49,107,150,185,268,448,449,606,677,1215,1605,1806,2414,2746,2970,3053,3239,3307,3514,3532,3915,3941,4523,4611,4891,5041,5099,5287,5356,5963,6087,6296,6481,6508,6639,6736,6798,7154,7378,7727,8156
128,291,361,857,909,946,1180,1234,1287,1326,1696,1753,2017,2038,2053,2187,2219,2558,2779,3038,3283,3334,3371,3426,3552,3842,4153,4518,4705,5018,5039,5053,5206,5274,5375,5540,5604,5720,6586,6660,6802,7466,7510,7562,7975,7983
538,708,1223,1402,1912,1982,2222,2403,2507,2601,2629,2860,2900,2914,2992,3107,3511,3639,3653,4013,4072,4168,4231,4545,4591,4830,4841,5116,5305,5917,5929,6009,6451,6536,6664,6930,6948,6998,7193,7475,7629,7677,7859,7895,7999
101,453,718,746,759,841,949,1280,1479,1492,1516,1734,1940,1964,1998,2205,2220,2264,2379,2381,2858,2887,3131,3347,3391,3946,4012,4154,4716,4826,4833,4968,5404,5480,5724,5741,6294,6388,6776,6851,7301,7410,7795
136,440,789,988,1277,1387,1451,1474,2113,2120,2153,2269,2276,2457,2916,3267,3339,3580,3948,3986,4250,4283,4396,4419,4485,5151,5354,5444,5612,5903,6051,6064,6189,6749,7047,7270,7341,7389,7490,7544,7589,7834,7929,8151
76,537,590,617,1038,1101,1117,1435,1459,1505,1509,1727,1752,1787,1792,2399,2512,2516,2755,3079,3088,3144,3366,3464,3571,3683,3845,3900,3901,4329,4361,4879,4917,5295,5342,6019,6075,6405,6464,7094,7160,7161,7174,7202,7444,7597,7638,7734,7846,8052,8056
46,489,774,987,1289,1368,1639,1899,2100,2540,2856,3061,3968,3997,4294,4375,4634,4707,4944,5288,5753,5807,5848,5861,6159,6242,6413,6673,6757,6988,7003,7072,7122,7478,7670,7698,8209
50,187,459,496,527,659,802,810,1037,1307,1337,1428,1430,1547,2026,2094,2143,2256,2297,2584,2607,2775,2806,2907,2923,2960,3121,3413,3607,3790,4080,4286,4298,4574,4964,5125,5267,5318,5320,5349,5525,5691,5902,5919,6021,6066,6080,6333,6404,6501,6503,6606,6663,6975,7139,7447,7500,7669,7694,7936
123,138,443,530,600,1031,1080,1098,1199,1359,1397,1404,1462,1472,1502,1632,1681,1735,2554,2657,2767,2794,2921,3067,3130,3158,3192,3211,3843,3912,3957,4046,4578,4703,4777,4843,4882,4992,5057,5159,5235,5464,5500,5650,5811,5878,6214,6347,6446,6668,6846
44,280,358,414,416,520,842,848,1119,1300,1365,1381,1384,1590,1797,1872,1953,1958,2525,3007,3019,3265,3909,4049,4054,4454,4520,4672,4937,4961,5000,5321,6386,7259,7295,8005
92,373,427,678,950,1261,1355,1446,1525,1572,1803,2242,2319,2541,2624,3232,3273,3401,3456,3477,3934,4125,4463,4678,4691,4951,5335,5526,5938,6005,6366,6728,7013,7045,7073,7110,7237,7407,8008,8039,8185
217,227,466,482,1680,1808,1833,1860,1996,2119,2173,2333,2627,2915,3111,3272,3591,3599,3638,3940,4146,4258,4320,4979,5042,5286,5735,5782,6227,6623,6835,7063,7076,7179,7206,7208,7305,7326,7400,7894
109,364,412,870,972,1006,1316,1370,1760,1811,1826,1874,2090,2164,2207,2357,2376,2556,2901,3065,3137,3562,4056,4290,4567,4776,5562,5638,5952,6072,6341,6790,6791,6878,7429,7575,8167
253,352,596,717,1352,1382,1692,1715,1722,1845,1892,1903,2241,2480,2936,2987,3009,3508,4279,4337,4438,4625,4877,5030,5303,5366,5487,5489,5587,5711,5756,5927,5941,6151,6443,6641,6973,6977,7010,7465,7610,7774,7913,8078
96,236,255,262,609,723,965,1144,1173,1182,1443,1594,1716,1789,1831,1932,2041,2340,2774,2855,3212,3636,3717,3733,3847,3897,4174,4254,4332,4664,4682,4943,5483,5642,5891,6077,6362,6457,6787,6971,7401,7498,7799,7839,7856,7861,7896,8111
59,447,511,799,1088,1157,1341,1555,1799,2074,2133,2643,2687,2719,3393,3493,3705,3971,4120,4172,4336,4440,4502,4784,5170,5174,5440,5629,5677,5769,5978,5993,6048,6222,6371,6418,6453,6621,6659,6732,7725,7860,7987,8027
18,157,385,465,657,1396,1638,1748,1950,2229,2239,2311,2857,3073,3255,3295,3408,3522,3555,3563,3626,3696,3754,3965,3979,4517,4640,4755,5255,5453,5616,5826,6140,6236,7322,7354,7617,7766,7963
942,1220,1356,1661,2580,2655,3654,4541,4972,5276,5307,5389,5719,5763,6169,6941,6978,7380
