484,589,1296,1330,1611,1765,2455,3091,3202,3313,3476,3554,4186,4437,5225,5248,6468,6525,7317,7362,7405,7463,7556,7688,7985,8065,8174,8190
1,447,479,526,692,835,1037,1065,1081,1397,1422,1705,2077,2078,2180,2193,2354,2372,2526,2532,2559,2941,3185,3341,3650,3811,3884,3919,4093,4179,4447,4661,4800,4954,5329,5339,5517,6476,6588,7509,7803,7832
186,204,408,1326,1364,1496,1823,1833,2278,2341,2648,2988,3443,3697,3832,3925,3980,4172,4223,4236,4282,4622,4629,4633,4865,5215,5305,5324,5515,5874,6145,6405,6497,6620,6673,6786,6963,7061,7371,7599,7923,8000,8098,8110
38,58,71,223,334,380,749,782,878,880,1297,1655,1838,2513,2929,3362,3434,3747,3888,4167,4528,4738,5192,5195,5381,5562,5660,5672,5832,5857,5937,6173,6194,6246,6427,6492,6508,6776,7080,7229,7545,7558,7630,7664,7787
6,353,671,685,862,1097,1105,1246,1261,1262,1629,1882,2023,2375,2456,2570,2700,2981,3067,3151,3461,3499,3600,3660,3830,4092,4097,4162,4201,4611,5025,5117,5234,5254,5267,5360,5483,5658,5735,5762,6280,6356,6767,6796,6898,6932,7075,7391,7899,7960,8046,8129
110,472,717,1092,1120,1195,1342,1795,1972,2108,2146,2226,2338,2602,2623,3162,3168,3261,3411,3630,3651,4121,4878,4950,4956,4966,5157,5650,5711,5800,5844,5935,5967,6124,6438,6579,6843,6994,7608,7621,7643,7801,7885,7999,8126
345,641,676,711,852,1299,1321,1365,1383,1522,1596,1946,2067,2255,2433,2932,2936,3174,3339,3437,4024,4105,4491,4801,5430,5535,5545,5614,5630,5640,5686,6313,6496,7400,7658,7670,8093
365,386,427,505,687,996,1187,1446,1983,2221,2241,2305,2688,2803,2829,2898,2911,2968,3154,3201,3665,3990,4275,4293,4400,4426,4465,4481,4500,5012,5133,5258,5289,5428,5519,5522,5536,5565,6223,6264,6402,6815,7368,7392,7648,7777,8145
66,138,139,453,985,1141,1417,1436,1587,1635,1681,1708,1741,1792,2038,2212,2214,2545,2557,2840,2870,3308,3455,3564,3822,3909,4027,4079,4089,4565,5079,5364,5437,5917,5985,6271,6783,7050,7380,7428,7449,7873
326,523,564,643,801,1030,1224,1602,1797,1884,2292,2310,2454,2657,2835,3008,3052,3101,3268,3310,3424,3567,3703,3841,3912,3942,4059,4120,4228,4409,4424,4425,4672,4699,4760,4775,4833,5334,5375,5966,5977,6056,6322,6659,6771,6775,6890,6995,7079,7129,7165,7195,7378,7698,7853,7893,8086
83,224,551,608,792,881,888,992,1213,1254,1471,2207,2412,2618,2645,2712,2871,3157,3178,3216,3297,3322,3404,4101,4241,4558,4740,4806,5848,5902,6014,6100,6101,6587,6677,6872,6958,7294,7497,7823,7859,7863,7880,8146
91,242,261,540,627,895,957,1372,1494,1575,1632,1682,2085,2347,2390,2397,2443,2634,2701,2816,2942,2995,3098,3408,3755,4066,4176,4270,4350,4514,4569,4734,4946,5210,5348,5603,5727,5785,5810,6885,6905,7094,7161,7292,7297,7413,8147
199,593,841,900,1012,1040,1073,1121,1236,1354,1753,1803,1907,2036,2152,2601,3087,3142,3430,3598,3889,3946,4267,4359,4537,4619,4773,4786,5084,5123,5216,5369,5419,5677,6085,6604,7244,7467,7471,7480,7496,7511,7663,7937
146,274,657,952,1292,1361,1435,1535,1779,1868,1872,2000,2043,2054,2086,2130,2295,2536,3133,3194,3307,3457,3666,3749,3877,4071,4278,4429,4807,4853,4927,5100,5351,5661,5970,5980,6260,6720,7338,7341,7441,7538,7548,7750,7800,7819,7917,8132
73,108,142,236,512,581,654,1014,1095,1136,1138,1317,1620,1653,1831,1985,2064,2129,2519,2579,2705,2894,3132,3279,3286,3344,3383,3781,4124,4221,4295,4527,4563,4854,5264,5485,5742,6180,6959,7420,7821,7881,8075,8120
221,367,663,891,1327,1540,1767,1770,2119,2363,2406,2756,2881,3153,3245,3340,3388,3397,3401,3498,3555,3948,4039,4133,4310,4422,4435,4639,4711,4713,4803,4891,5067,5442,5732,6378,6546,6657,6698,6711,6782,6909,7004,7019,7307,7415,7563,7681,7759,7795,8189
162,253,298,404,1223,1252,1373,1534,1728,1929,1936,2008,2220,2430,2682,2727,3497,3645,3754,3826,4313,4322,4413,4480,4496,4720,4837,4868,5171,5463,5635,5829,6199,6326,6728,6976,7043,7062,7078,7696,8130
96,623,809,1039,1590,1746,1794,1806,1925,1986,1988,1998,2014,2139,2273,2444,2775,2862,3159,3587,3699,3879,3914,3952,4261,4767,4907,5349,5378,5616,6079,6383,6808,6967,7015,7058,7204,7270,7345,7940,8138
582,653,2041,2337,2487,3195,3589,3878,4139,4289,4586,4888,6164,7243,7620,7929,7961,8177
