117,380,511,568,634,690,740,775,958,1406,1704,2121,2148,2208,2223,2413,2671,2759,2848,3041,3070,3171,3659,3799,3866,4266,5158,5221,7189,7424,8027,8070
200,311,376,523,626,763,897,1026,1211,1629,1733,1988,2500,2578,2592,2647,2745,2808,2920,3011,3035,3163,3295,3369,3392,3394,3530,3755,3926,4369,5328,5432,5447,5839,5930,6142,6278,6706,7225,7272,8009,8062,8242
116,208,601,1051,1107,1886,2028,2250,2316,2407,2748,2826,2897,2983,3071,3328,3344,3457,3797,3860,4039,4185,4192,4325,4359,4422,4876,5189,5198,5359,5437,5518,5589,5792,5985,6125,6173,6545,6658,6713,6903,7031,7141,7149,7258,7311,7463,7480,7720,7889,8114,8196
91,300,315,365,412,453,463,563,589,1167,1419,1766,1824,2038,2052,2104,2155,2327,2490,2520,2643,2682,2753,2760,3105,3338,3458,3493,3536,3706,3828,3830,5663,5837,6005,6156,6747,6839,6885,6971,6979,7054,7191,7575,7656,7786,7801,7910
676,812,953,1146,1215,1238,1273,1285,1378,1599,1876,2068,2439,2467,2721,2874,2911,3138,3216,3246,3278,3466,3691,3923,3942,4164,4255,5170,5210,5789,6237,6297,6341,6523,6530,6533,6748,6978,7520,7729,7866,8002
128,176,292,390,536,582,651,1073,1196,1200,1358,1850,2031,2289,2362,2466,2585,2596,2681,2903,2966,3255,3264,3313,3515,3545,3628,3656,3682,3694,3843,4136,4198,4233,4263,4298,4394,4455,4576,4727,4751,4911,5098,5285,5357,5384,5499,5611,5616,5698,6247,6466,6512,6764,6772,6937,7163,7259,7691,7758,7771,8198,8223,8258
8,415,804,913,914,1010,1018,1360,1483,1857,1901,2004,2058,2844,3476,3650,3905,4088,4130,4463,4714,4752,4839,5093,5141,5308,5654,5869,5887,5921,6132,6208,6253,6316,6376,6479,6730,6995,7134,7174,7386,7437,7557,7685,7708,7962,8171,8233
22,34,75,199,320,652,659,805,846,851,936,1118,1349,1507,1841,1919,2369,2371,2470,2677,2831,3137,3203,3352,3370,3373,3608,3672,3889,3892,4000,4155,4258,4330,4733,4802,5171,5227,5231,5251,5351,5402,5532,6350,6384,6591,6757,6776,6785,6986,7098,7307,7486,7612,7619
98,337,374,430,457,555,882,888,975,1435,1476,1550,1615,1645,1958,2476,2563,2603,2756,2823,2976,3006,3220,3280,3382,3387,3580,3589,3668,3891,4220,4256,4500,4661,4900,5033,5090,5143,5382,5410,5440,5742,5884,6162,6261,6841,7446,7529,7772,7794,8033
0,172,405,450,535,627,682,1310,1338,1472,1552,1563,1647,1666,1707,1786,2016,2279,2364,2567,2792,2994,3443,3607,3739,4006,4242,4314,4395,4470,4753,4779,4840,5042,5215,6289,6397,6621,6662,6814,7403,7494,7510,7561,8217
204,209,497,578,660,944,1221,1386,1703,1920,2001,2172,2239,2459,2648,3281,3490,3796,3944,4152,4495,4785,4891,5263,5353,6026,6565,6639,6780,7427,7490,7493,7670,7843,8071
187,427,458,617,644,893,1123,1223,1274,1339,2050,2067,2215,2546,2555,2941,3195,3282,3406,3504,4132,4222,4520,4603,4725,4758,4767,4818,4829,4854,4985,5036,5608,5691,5707,5737,5978,5980,6400,6475,6848,6970,7531,7579,8245
332,491,696,1039,1602,1616,1763,1823,1985,2287,2479,2493,2653,2891,2904,2913,2923,3194,3711,3793,3984,4182,4306,4390,4710,4820,4922,5007,5279,5541,5610,5666,5822,5964,6141,6234,6339,6417,6675,6756,7227,7519,7633,7831,8099
41,73,164,310,520,558,674,733,925,1035,1038,1153,1774,1950,2024,2175,2475,2558,2856,3083,3680,3693,3723,3751,3757,3802,3809,3901,3910,4064,4285,4414,4466,5085,5223,5242,5337,5540,5665,5679,5696,6095,6110,6129,6320,6564,6583,7125,7160,7620,7911
162,246,540,664,1025,1480,1515,1528,1529,1541,1621,1737,2204,2446,2622,2708,2711,2728,2811,2875,2938,3090,3135,3367,3652,3736,4238,4257,4545,4711,4974,4991,5008,5044,5216,5303,5634,5753,5989,6008,6081,6211,6321,6627,6702,6880,7315,7441,7940,8074,8078,8090,8126
4,15,307,400,814,877,942,1094,1348,1423,1468,1509,1911,2335,2431,2833,2975,3162,3327,3567,3838,3930,4250,4293,4307,4411,4652,4813,4885,4892,4990,5073,5350,5428,5451,5667,5904,6206,6273,6287,6700,6760,7101,7316,7564,7606,7719,8208
18,78,317,474,577,737,781,1131,1294,1458,1474,1492,1663,1882,1923,2057,2179,2832,3140,3208,3241,3287,3775,4594,4599,5218,5592,5629,5664,5812,6215,6332,6910,7260,7304,7649,7946,8149,8256,8265
623,657,1261,1298,1331,1479,1634,1694,1797,1818,2060,2062,2139,2151,2280,2507,2514,2515,2707,2770,2945,2956,2971,3391,3396,3426,3438,3449,3593,3725,3783,3816,3852,4834,5027,5079,5207,5564,5650,5764,6202,6465,6623,6680,6806,6827,6845,6878,7100,7268,7336,7370,7504,7565,7618,7842,7900,7932,8199
23,1936,2178,2984,3065,3111,3225,3585,4529,5060,5099,5613,5646,6440,6586,6752,7102,7365,8118,8212
