771,1098,1135,1580,1651,3767,3977,4050,4314,4517,5057,5186,5806,6165,6902,7402,7509
486,526,724,792,1883,2128,2142,2647,2663,2691,2930,3048,3105,3156,3805,3938,4570,4576,4635,4709,4738,4832,4944,5028,5420,5474,5994,6226,6401,6605,6728,6840,6867,6907,6921,7403,7559,7791,7816,7817,7861,7880,7958,8156
11,114,166,168,360,1647,1985,2042,2097,2134,2150,2212,2218,2226,2250,2290,2367,3016,3292,3302,3343,3363,3414,3617,3630,3660,3885,4367,4646,4719,4839,5109,5149,5218,5244,5260,5623,5995,6086,6375,6486,6560,6691,7360
234,325,922,1030,1148,1231,1273,1608,1751,1890,2235,3053,3182,3204,3252,3331,3776,4093,4228,4236,4283,4318,4319,4799,4808,4837,5154,5232,5317,5496,5500,5555,5645,5725,6103,6342,6452,6474,6762,6874,7078,7115,7203,7332,7393,7952
9,147,214,438,575,733,788,901,1146,1327,1403,1500,1537,1610,1790,1830,2079,2138,2230,2491,2540,2621,2908,2998,3023,3082,3235,3387,3904,4208,4473,4565,4675,4739,4790,4896,4930,4931,5542,5833,5965,6155,6404,6422,6427,6492,6754,6862,6939,7122,7490,7530,8053,8071,8204
608,668,912,923,1175,1188,1215,1521,1912,2158,2345,2527,2943,2976,3239,3276,3278,3289,3693,3899,4036,4279,4390,4398,4530,4606,4614,4934,5088,5158,5211,5220,5765,5790,5853,5989,6766,7018,7415,7695,7959
306,331,361,479,507,1163,2025,2061,2599,2843,2974,3458,3766,3793,4045,4466,4519,4609,4642,4946,4973,5141,5159,5658,6130,6171,6195,6296,6515,6536,6593,7022,7050,7478,7529,7586,7616,7690,8113
18,30,195,516,667,927,1159,1212,1708,1888,1934,2044,2123,2476,2488,2703,2985,3054,3106,3194,3489,3688,3701,3940,3966,4072,4156,4315,4672,4684,4720,5334,5398,5885,5979,6161,6183,6379,6785,7070,7101,7142,7144,7445,7569,7805,7923
16,596,887,1254,1490,1748,1847,1900,2059,2101,2222,2233,2363,2406,2572,2966,3234,3275,3325,3498,3604,3768,3825,4141,4210,4659,4742,4983,5487,5527,5550,5595,5638,5777,6004,6048,6095,6376,6981,7104,7282,7377,8187
149,389,509,529,717,798,865,1208,1241,1724,1784,1853,2089,2232,2436,2626,2629,2771,2791,3005,3071,3351,3463,3636,3659,4153,4190,4206,4640,4800,5045,5236,5282,5364,5567,5620,5803,5831,5894,5914,5982,5990,6503,6689,6796,6984,7137,7849,7947,8079,8125
143,263,767,1325,1627,1705,1909,1935,2078,2112,2115,2602,2820,2907,3050,3125,3205,3274,3291,3423,3622,3672,3750,3804,4031,4441,4504,4612,4704,4745,5492,5503,5718,5842,6111,6738,6790,6827,6943,7357,7591,7667,7761,7870,8118
314,419,538,868,1075,1209,1872,2382,2631,2676,3181,3467,3571,3582,3676,3761,3909,4382,4455,4475,4555,4578,4649,4820,5161,5337,5386,5704,5717,5814,5869,6028,6384,6725,6760,6848,7452,7471,7594,7631,7935,8076,8176
763,1173,1305,1306,1321,1574,1634,2166,2173,2340,2354,2828,2840,3010,3077,3166,3222,3403,3817,4034,4057,4222,4241,4605,4777,4782,5092,5145,5174,5175,5541,5820,6042,6309,6366,6627,6686,6700,6773,6910,7019,7186,7251,7275,7763,8031
64,1034,1108,1220,1290,1393,1512,1624,1858,1957,1965,2161,2200,2203,2573,2711,3214,3514,3657,3781,3987,4113,4340,4368,4380,4435,4562,4639,4668,4927,5133,5176,5348,5560,5826,5864,5937,6109,6299,6344,6507,6533,6694,6812,6873,6976,7350,7441,7749,7793,7801,7900,7955,7977,8223
84,778,891,1274,1414,1782,1811,1901,1917,2174,2347,2425,3264,3368,3372,3374,3799,3891,4374,4447,4534,4768,4814,4816,5007,5996,6054,6818,6826,7218,7296,7321,7984,8103,8144
53,108,140,541,627,776,785,852,1049,1219,1434,1485,1549,1702,1778,1867,2306,2815,2994,3287,3327,3481,3621,3709,3732,3939,4467,4792,5262,5378,5380,5426,5512,5533,5738,5749,5972,5980,6018,6034,6249,6545,6775,7153,7383,7421,7427,7987,8024,8123,8217
377,454,579,988,1024,1058,1344,1350,1451,1554,1569,1626,1797,2117,2335,2455,2531,2546,2654,2672,2772,2796,2866,2914,3146,3191,3286,3838,3986,4159,4364,5590,5755,5774,5901,6151,6169,6189,6316,6317,6569,6743,7034,7048,7058,7077,7125,7363,7413,8008,8200,8233
39,93,187,374,470,1213,1417,1701,1819,2469,2558,2568,2628,2643,2888,2902,2954,3028,3137,3346,3399,3415,3728,4020,4436,4751,4855,4892,5063,5272,5416,6092,6123,6178,6310,6348,6464,6480,6483,6488,6652,6802,6918,6925,6942,7029,7057,7084,7298,7371,7456,7578,8089,8109,8218,8226
690,1361,1620,2835,2867,3865,4354,4409,4585,4708,4949,5847,6835,7448
