803,805,828,808,813,814,819,823,1175,794,796,798,799
1815,1817,1818,1819,1821,1823,1824,1825,1826,1827,1828,1829,1831,1832,1833,1834,1835,1840,1841,1842,1844
482,488,520,521,523,525,526,528,530,531,534,537
416,417,418,419,420,421,1093,423,1094,1095,1097,1099,1102,1103,440,441,442,415
712,708,710,711
840,1128,1211,1200,1205,1210,1147,1214,734
0,1,2,3,4,5,7,8,9,10,11,12,14,16,17,21,23,28,32,33,34,35,37,38,39,40,41,43,44,45,46,47,49,50,51,52,53,54,55,56,57,58,59,60,62,63,64,65,66,67,68,69,70,71,72,73,74,76,77,79,80,82,83,86,87,89,90,91,93,94,95,96,97,98,99,100,101,102,103,104,105,106,107,108,109,110,111,120,132,139,150,151,152,153,157,158,159,160,162,163,164,165,166,167,168,170,172,173,174,175,176,177,178,179,180,181,182,183,184,185,186,187,188,189,190,191,192,193,194,195,196,197,198,199,200,201,202,204,205,206,207,208,209,210,211,212,213,214,215,216,218,219,220,221,222,234,238,239,240,241,242,246,247,250,251,253,254,255,256,257,258,259,260,262,263,267,268,269,270,272,273,274,275,276,277,278,279,280,281,282,283,284,285,286,287,288,289,290,291,292,293,294,295,297,298,299,300,301,302,305,306,307,308,309,310,311,312,313,314,315,316,317,319,320,327,330,331,333,367,368,369,371,372,377,378,379,380,382,383,384,385,386,387,388,389,390,391,392,393,394,395,396,397,398,406,407,574,949,951,952,955,957,1082,1084,1267,1269,1271,1272,1273,1274,1275,1276,1279,1281,1282,1285,1288,1289,1292,1293,1294,1295,1296,1319,1321,1324,1340,1341,1346,1406,1407,1527,1528,1529,1530,1531,1532,1533,1535,1538,1544,1545,1546,1547,1574,1617,1619,1620,1646,1647,1648,1680,1682,1684,1685,1686,1688,1690,1691,1693,1694,1697,1698,1718,1719,1720,1721,1722,1725,1726,1727,1750,1755,1756,1757,1758,1759,1801,1940,1942,1947,1952,1954,1955,1963
1,2,6,7,8,1544,10,1546,12,16,1553,23,35,36,1571,38,1572,1573,1575,1576,48,561,51,52,53,54,55,57,64,65,66,68,71,72,73,74,76,79,83,84,88,89,90,91,93,94,96,97,98,99,100,102,103,104,106,108,109,110,111,1683,1684,157,160,161,162,163,164,165,167,168,169,170,171,172,173,174,176,177,179,180,181,182,183,184,185,186,187,188,1719,190,191,192,193,194,195,1723,197,198,199,202,203,204,205,206,207,209,210,211,212,213,214,215,216,219,220,221,222,223,225,227,234,236,238,239,241,242,245,246,247,248,249,250,1273,1277,1278,255,256,257,258,259,260,1281,262,263,1286,1288,1289,1291,1292,269,270,271,272,1293,274,275,276,277,278,279,280,281,282,283,284,285,286,287,289,290,291,293,294,295,296,297,298,299,300,301,302,303,305,306,307,308,309,310,311,312,313,315,1294,373,378,379,380,381,383,385,389,390,391,392,393,394,395,397,398,402,403,1952,1960,1961,1720,465,1532,1533
1024,1025,1026,1030,1031,1033,1034,1043,1056,1062,1065,1066,1067,1068,1069,1070,1071,1072,1073,1074,1075,1076,1077,1078,1080,1081,1082,1083,1084,1123,1124,1127,1129,1130,1131,1132,1133,1136,1139,1140,1142,1143,1145,1146,1148,1149,1150,1151,1152,1153,1155,1156,1157,662,663,669,670,671,675,676,678,679,681,682,683,684,1196,687,688,689,690,691,1201,693,1202,1204,1206,1208,698,699,700,1209,706,707,1221,1224,714,722,723,724,725,726,727,1239,729,1241,731,732,733,1242,1245,736,737,738,739,741,1255,744,1256,746,747,748,1257,1258,1259,1260,753,754,1261,759,761,763,765,766,767,768,786,839,843,845,846,903,908,909,910,911,913,919,922,932,935,936,938,941,942,943,945,946,947,948,949,950,951,952,954,955,957,958,959,960,996,998,999,1000,1001,1005,1006,1007,1008,1009,1010,1011,1012,1013,1015,1017,1018,1019,1020,1022,1023
472,473,474,476,477,478,479,480,481,482,483,484,485,487,489,490,491,492,493,494,495,497,498,499,500,502,505
