617,1137,2126,2577,2718,3685,4094,4620,5219,5734,6461,6634,7072,7591,7753,8973,9893,11725,11807,12078,12409,12936,12942,13319,13465,13497,15653,16067
522,781,1006,1856,2376,2419,2646,3416,3646,4716,4759,4781,4947,5751,6374,6479,6769,6781,7263,7316,7784,7976,8129,8140,8540,8708,9724,9993,10098,10141,10693,10982,11075,11286,12030,12259,12958,13546,13653,13900,13919,14231,14252,16195,16246
247,836,865,1451,1591,1720,1750,2016,2019,2832,2888,3295,3413,3545,4330,4589,4871,5115,5305,5389,6250,6630,6676,7048,7148,7199,7252,7761,7979,8016,8335,8916,9026,9762,9838,9896,10177,10434,10509,10986,11576,11771,11827,12284,12415,12478,12559,12648,12767,12957,13036,13104,13375,13412,14313,14921,14971,14982,15160,15313,15714
81,315,644,646,1163,1272,1414,1885,2581,2732,2830,2905,3059,3232,3326,3375,3437,3453,3490,3549,3596,3702,3921,4003,4177,4327,4745,4763,4917,4958,5106,5220,5244,5376,5999,6251,6362,6602,6615,7053,7437,7448,8038,8111,8493,8796,8903,8956,9099,9100,9106,9337,9358,9505,9732,10024,10047,10111,10153,10171,10546,10591,10859,11090,11154,11155,11268,11272,11432,11795,11973,12236,12702,12740,12975,13023,13060,13178,13242,13339,13646,13764,13829,14001,14097,14248,15030,15061,15277,15558,15621,15708,16112
171,256,261,274,304,461,580,625,797,872,889,1043,1437,1647,1916,1946,2930,3029,3184,3307,3452,3616,3634,3640,3964,3991,4114,4206,4430,4479,4708,4915,5277,5490,5623,5717,5754,5918,5977,5995,6080,6122,6395,6612,6851,7250,7288,7345,7368,7520,7851,8050,8204,8275,8468,9013,9052,9154,9269,9309,9318,9413,9431,9502,9844,10137,10218,10301,10327,10338,10526,10844,11056,11124,11171,11405,11558,11616,11620,11790,12173,12237,12341,12447,12786,13345,13525,13639,14027,14375,14386,14448,14612,14649,14748,14871,14904,14988,15166,15237,15314,15411,15495,15614,15728,15817,16140,16161,16212,16280
83,217,293,313,420,509,604,674,1001,1131,1528,1643,1981,2042,2193,2248,2539,2592,2786,2863,3152,3155,3179,3230,3808,3882,4009,4058,4140,4241,4428,4774,4836,5019,5125,5236,5242,5324,5465,5483,5513,5831,5881,5990,6017,6075,6131,6174,6263,6294,6397,6594,6614,6698,6919,6950,7396,7468,7655,7822,7897,7929,7991,8036,8085,8104,8775,9050,9243,9312,9490,9497,9557,9575,9688,9790,10694,10708,11072,11327,11362,11559,11609,11697,11788,11811,12167,12198,12389,12808,13110,13146,13280,13379,13423,13543,13688,13790,13844,14028,14067,14177,14204,14347,14413,14440,14481,14511,14520,14538,15230,15292,15317,15377,15524,15628,15852,16024,16046,16099,16201,16270
187,441,453,589,692,993,1099,1117,1159,1504,1523,1561,1599,1774,1796,1852,1871,1925,1936,2099,2340,2387,2817,2871,2952,3651,3978,3986,4040,4082,4431,4456,4501,4614,4658,4815,5063,5211,5485,5492,5611,5691,5714,5901,6199,6462,6502,6803,6813,6850,6884,6926,7182,7286,7291,7312,7617,7620,7888,7961,8210,8432,8464,8632,9024,9164,9211,9261,9569,10070,10173,10451,10697,10707,10800,10801,10827,10880,10958,11000,11271,11521,11637,11941,12044,12155,12364,12426,12466,12550,12563,12639,12739,12754,12762,12764,12821,12901,13075,13081,13223,13243,13300,13337,13382,13393,13487,13515,13534,13684,13943,14038,14059,14118,14170,14255,14298,14388,14424,14456,14490,14670,14834,14961,15028,15171,15357,15466,15624,15682,15958,16030,16303
11,233,384,549,649,767,770,823,899,965,983,1002,1027,1480,1635,1691,1821,1933,1967,2128,2274,2757,2813,3003,3195,3280,3558,3693,3767,3863,3924,4209,4356,4374,4601,4661,4819,4912,5067,5129,5173,5221,5359,5931,6049,6079,6101,6118,6123,6130,6138,6367,6431,6439,6528,6563,6904,7371,7587,7902,8185,8269,8290,8529,8610,8644,8667,8824,8922,9170,9172,9338,9419,9553,9656,9850,9864,9966,10011,10077,10121,10160,10313,10369,10719,10765,10961,11074,11209,11315,11577,11765,11912,12073,12255,12302,12345,12386,12433,12624,12703,12729,12973,12996,13098,13162,13220,13302,13432,13740,13827,13907,13908,13960,14050,14093,14145,14292,14378,14414,14498,14504,14571,14596,14702,14713,14920,14964,15032,15146,15194,15515,15843,15884,15924,16001,16005,16009,16032,16048
18,74,392,746,819,1109,1264,1431,1499,1883,1937,1940,2029,2041,2233,2457,2501,2590,2606,2689,2769,3334,3502,3582,3777,3981,4004,4077,4128,4132,4217,4262,4300,4351,4478,4567,4598,4693,4700,4891,4933,4943,5054,5058,5184,5247,5366,5403,5410,5622,5655,5678,5829,6059,6157,6224,6292,6388,6444,6448,6455,6585,6686,6715,6731,6826,6836,6909,7355,7401,7466,7563,7736,7807,7868,7919,7989,8003,8045,8206,8234,8237,8258,8487,9266,9404,9406,9427,9476,9498,9530,9601,9660,9866,9867,9883,9918,9954,10060,10314,10452,10493,10530,10625,10848,10928,10992,11086,11107,11233,11390,11440,11468,11627,11636,11762,11786,11990,12000,12016,12032,12079,12081,12107,12144,12586,12634,12834,12919,12943,13092,13307,13386,13592,13601,13675,13692,13704,13707,14128,14293,14576,14674,14855,14930,14958,15016,15090,15095,15111,15131,15312,15326,15379,15463,15946,15980,16029,16158,16263
3,115,430,431,533,544,671,863,1041,1051,1194,1280,1301,1352,1393,1441,1460,1548,1649,1712,1929,2004,2093,2127,2254,2262,2277,2430,2437,2546,2682,2889,2925,2983,3014,3041,3071,3109,3236,3915,4039,4315,4500,4609,4950,4951,5097,5249,5293,5326,5407,5543,5549,5768,5944,6135,6175,6186,6211,6379,6420,6671,6839,7023,7194,7309,7315,7492,7580,7698,7714,7743,7829,8010,8107,8701,8835,8884,8904,8948,8970,9254,9364,9467,9680,9725,9834,9886,9897,9927,10112,10181,10243,10495,10751,10933,11226,11659,11768,11950,11965,12303,12373,12379,12519,12544,12789,12887,12981,13286,13398,13456,13579,13662,13709,13719,13723,13868,13990,14032,14382,14566,14603,14614,14648,14737,14821,14955,15085,15112,15130,15169,15205,15403,15565,15567,15661,15707,15791,16011,16213,16231
27,107,159,318,434,820,888,1151,1170,1262,1283,1399,1417,1442,1446,1756,1799,1887,2198,2206,2293,2369,2543,2870,2942,2946,2979,2992,3066,3332,3442,3595,3658,3671,3858,3923,3985,4051,4074,4106,4119,4188,4331,4373,4435,4476,4493,4793,5011,5080,5214,5260,5261,5290,5474,5530,5573,5595,5619,5811,5834,5838,5907,6058,6626,6723,6866,6895,7302,7378,7460,7507,7601,7618,7693,7777,7838,7894,7938,8066,8147,8157,8306,8358,8394,8436,8440,8777,8789,8805,9087,9111,9168,9374,9635,9939,9949,10052,10127,10185,10271,10283,10456,10797,10813,11062,11128,11135,11477,11494,11503,11942,12122,12126,12199,12276,12485,12503,12592,12697,12738,12956,13019,13139,13287,13389,13689,13730,13847,14242,14455,14545,14744,14807,14935,14987,15034,15196,15215,15603,15685,15736,15772,15795,15882,15911
489,581,639,868,881,1016,1026,1036,1063,1238,1492,1508,1601,1679,1782,1836,2012,2178,2306,2415,2417,2511,2650,2655,2666,2702,2728,2872,2891,3218,3293,3499,3529,3697,3822,3973,4089,4144,4440,4505,4621,4778,4864,4974,5288,5393,5395,5421,5426,5818,6129,6137,6166,6258,6471,6519,6606,6608,6928,7000,7002,7215,7229,7297,7614,7852,7853,7885,7892,7965,7970,8244,8352,8441,8941,8978,8983,8985,9471,9526,9799,9804,9916,9935,10056,10095,10223,10328,10398,10635,10690,10757,10861,10868,10901,10948,11546,11722,11746,11775,11791,11909,11918,12114,12308,12540,12819,12845,12907,13029,13048,13248,13341,13361,13449,13509,13547,13658,14487,14575,14682,14750,14846,14983,14989,14997,15013,15311,16153,16223
98,182,264,273,344,491,494,666,818,867,1068,1400,1722,1823,1842,2118,2398,2547,2635,2696,2984,3114,3138,3199,3200,3316,3750,3791,3872,3933,4001,4087,4577,4802,4826,4941,5093,5139,5353,5700,5786,5962,6021,6052,6100,6149,6265,6653,7040,7083,7310,7330,7428,7442,7934,7997,8384,8581,8602,8629,8683,8820,8991,9122,9367,9486,9719,10136,10169,10189,10545,10633,10671,10709,10835,11089,11193,11263,11415,11794,11833,11976,12054,12668,12680,12775,12848,12894,13288,13289,13550,13619,13817,13944,14208,14269,14307,14310,14831,14865,15115,15376,15643,15856,15863,15921,15930,15987,16026,16062,16144,16208,16224,16249
88,284,314,565,733,837,862,918,984,987,1715,1825,1900,2418,2447,2459,2474,2591,2615,2704,2744,3038,3124,3614,3619,3669,3957,4096,4549,4664,4712,4822,4856,4895,4899,5362,5556,5567,5982,5989,6085,6469,6725,7200,7549,7992,8305,8336,8403,8410,8781,8784,8952,9714,10200,10256,10297,10611,10702,10722,10828,10857,11130,11404,11565,11626,11966,11986,12324,12460,13180,13241,13606,13786,13821,13866,14081,14585,14836,15048,15106,15808,15973,16242
342,371,415,599,656,736,901,1158,1248,1341,1439,1526,1848,2076,2292,2556,2960,2962,3520,3530,3577,3641,4006,4298,4883,4985,5745,5924,6932,6933,6979,7257,7376,7748,7867,8082,8126,8682,8867,8906,9196,9375,9382,9743,9890,10089,10145,10376,10385,10544,10823,10918,11094,11230,11638,12293,12614,12880,13338,13724,13945,13971,14062,14343,14351,14522,14657,15122,15175,15306,15367,15510,15664,15829,15917,16219
63,309,526,652,665,1621,2119,2796,2839,2851,3036,3267,3501,3565,3857,3952,4336,4568,4742,5116,5991,6136,6176,6271,6376,6794,6871,6914,6930,6931,7217,7284,7337,7374,7543,7574,7638,8119,8168,8717,8808,9092,9636,10022,10048,10083,10087,10133,10168,10329,10350,10531,10913,11232,11365,11856,12342,13056,13208,13480,14024,14168,14514,14602,14677,15750,16167
503,702,1544,3632,4013,4118,4663,4916,4962,4981,5546,6591,7578,8880,9469,9528,9602,9674,10227,10781,12594,12612,12785,13225,15846

