1819,2062,2254,2308,2339,2491,2557,2613,3422,3720,3750,3784,4291,4896,4977,5294,5539,5683,5738,7000,7635,7804,8418,8426,8969,9144,9188,9254,9343,10443,10926,10994,11018,11110,11563,11574,11743,11854,11915,12592,12623,12730,13040,13266,13591,13922,14231,14585,15123,15412,15466,15587,15982,16070
58,187,196,679,849,1163,1603,1914,2276,2619,2682,2723,2820,3621,3681,3857,4205,4294,4641,4847,4983,5514,5565,5583,5723,6001,6018,6409,6766,6935,6989,7118,7365,7422,7927,7937,7964,7990,8105,8255,8415,8475,8603,8777,8784,8954,9388,9765,9881,9953,10268,10305,10452,10467,10551,10577,11030,11123,11253,11353,11588,11731,11970,12124,12215,12494,12578,12642,13344,13499,13641,13734,14065,14107,14244,14343,14580,14654,15298,15299,15940,15971
528,813,1091,1310,1525,1721,1773,1838,1872,2014,2147,2245,2593,2873,2891,2940,3060,3124,3198,3285,3288,3340,3640,3677,3770,4108,4598,4679,5334,5436,5475,5541,5612,5631,5649,5703,5805,5810,5936,6365,6665,7113,7136,7147,7235,7325,7540,7610,7630,8042,8072,8334,8908,8919,8991,9027,9059,9278,9339,9888,10562,10600,10606,10683,10848,11020,11133,11217,11228,11546,11680,11737,11830,11911,11918,11930,12025,12173,12965,13044,13138,13232,13678,13716,13746,13823,14260,14457,14881,14977,15053,15658,16144,16206,16280,16289
393,650,675,1240,1328,1392,1714,1892,1912,1970,2055,2401,2528,2815,2895,3048,3140,3292,3685,3763,3899,4164,4169,4223,4511,4602,4708,4773,4828,5106,5119,5122,5179,5592,5625,5711,5836,5993,6208,6756,7006,7049,7067,7281,7765,7865,7980,8134,8186,8237,8365,8487,8554,8655,8720,8870,9069,9124,9169,9257,9258,9803,10174,10201,10297,10516,10519,10749,10830,10944,10986,11300,11320,11749,11858,12320,12611,12714,12729,13009,13054,13141,13174,13244,13342,13429,13442,13512,13674,13839,14127,14144,14235,14389,14423,14624,15222,15317,15406,15420,15530,15749,15755,15856,16251
7,154,513,555,581,1174,1582,1832,2080,2202,2216,2291,2833,2913,3028,3328,3514,3703,3873,3901,4543,4578,4685,5114,5460,5753,5773,5840,5975,6434,6511,6624,6808,7219,7534,7576,7689,7917,8351,8362,8767,8943,9098,9195,9326,9539,9595,9978,10200,10283,10908,11201,11239,11287,11683,12991,13117,13735,13852,14012,14320,14335,14383,14426,14438,14440,14481,14785,14858,14899,15039,15071,15161,15685,15786,15871,16016,16046,16052,16240
227,690,719,733,835,1403,1413,1865,1935,1956,1958,2381,2644,2664,3127,3573,3764,3846,4112,4225,4253,4915,5518,6107,6239,6271,6685,6995,7124,7316,7340,7427,7531,7550,7574,7711,7965,8082,8276,8308,8366,8402,8452,8494,8718,8778,8815,8963,9085,9360,9489,9494,9828,9925,10130,10189,10343,10561,10639,11024,11066,11097,11299,11558,11987,12250,12296,12486,12512,12744,12781,12813,13366,13673,13693,13708,13830,13939,14298,14437,14469,14720,14895,15104,15824,15846,15968,16059,16167
273,321,887,905,911,1034,1105,1164,1923,2029,2250,2290,2520,3104,3705,3709,3923,3931,3990,4015,4435,4651,5134,5761,6040,6100,6439,6737,7098,7119,7627,7790,7883,8109,8167,8400,8529,8876,9086,9220,9273,9348,9461,9859,9910,10046,10557,11465,11483,11541,11544,11895,11922,12100,12300,12434,12475,12775,12816,12911,13368,13697,13876,13926,13980,14123,14233,14339,14555,14576,14702,14854,15195,15407,15493,16285
728,756,759,1151,1155,1485,1536,1619,1751,1951,2344,2443,2498,2890,3184,3345,3468,3562,3679,3718,3831,4075,4479,4805,4858,5070,5337,5358,5381,5523,5695,5708,5945,6066,6284,6415,6550,6755,6769,6862,6945,7004,7375,7894,8098,8149,8325,8472,8649,8909,9415,9527,9845,10051,10067,10089,10117,10230,10652,11013,11244,11355,11842,12133,12170,12510,12673,12759,12871,12994,13154,13293,13513,13529,13714,13818,13906,14105,14375,14846,14974,15264,15338,15447,15859,15866,15939,16050
297,367,451,591,1014,1118,1622,1712,1831,1901,1962,1976,1989,2324,2484,2572,2650,2779,3126,3139,3410,3604,3736,3913,3915,4121,4311,4619,4875,5065,5273,5332,5446,5458,5487,5803,5820,5943,5970,6446,6494,6507,6622,6731,6802,7305,7608,7726,7889,8160,8305,8412,8580,8724,8830,8886,9507,9887,10042,10043,10333,10735,10899,11070,11109,11164,11222,11278,11338,11594,11849,11942,11978,12011,12081,12204,12794,12830,13177,13472,13827,13903,14160,14352,14955,15196,15207,15357,15395,15401,15452,15567,15795,16152,16180,16296
91,181,270,397,713,834,1070,1161,1378,2031,2228,2948,3059,3408,3576,3716,3758,4052,4260,5210,5821,5896,5940,6143,6256,6371,6609,6726,6980,7327,7470,7897,8005,8104,8742,8906,9238,9321,9398,9485,9516,9670,10401,10547,10576,10647,10885,10962,10967,11065,11075,11171,11188,11448,11677,11740,11920,11969,12057,12128,12229,12249,12322,12570,12717,12799,13199,13240,13251,13338,13684,13800,13813,14220,14253,14394,14491,14665,14687,14812,15001,15074,15169,15187,15491,15966,16106
168,177,350,563,1053,1130,1201,1209,1478,1642,1774,1993,2041,2277,2286,2435,2451,2771,2852,2906,3385,3511,3667,3812,3996,4273,4862,5007,5083,5123,5386,5437,5509,5982,6069,6761,6908,7266,7362,7371,7503,7612,7749,8277,8676,8888,9135,9443,9711,9789,9884,10288,10592,10629,10838,10910,10952,10978,11551,11598,11644,11754,11815,11894,11944,12097,12707,13027,13029,13062,13095,13192,13452,13923,14443,14525,14596,14601,14641,14643,14757,14772,14861,15103,15201,15223,15260,15910,15991,16027,16047,16054,16181,16263
439,545,663,1182,1316,1585,1823,1931,2149,2455,2862,3501,3809,3926,3957,3976,4123,4143,4383,4386,4400,4483,4515,4567,4649,4929,5071,5139,5192,5201,5361,5559,5651,5676,5684,5751,5856,6089,6315,6347,6423,6738,6844,6942,6976,6990,7046,7112,7264,7376,7816,7834,7836,8144,8155,8253,8290,8501,8504,8710,8977,9177,9281,9324,9995,10136,10488,10533,11049,11247,11348,11449,11454,11943,11975,12286,12463,12609,12704,13039,13194,13213,13259,13288,13318,13391,13521,13622,13634,13690,13781,13918,13978,14264,14283,14512,14631,14670,14780,14990,15030,15309,15477,16252
70,511,827,1022,1050,1214,1305,1670,1899,1917,2151,2309,2338,2545,2662,2801,2958,2992,3316,3513,3570,3646,3680,3820,3826,3943,3944,4076,4120,4207,5019,5211,5237,5373,5754,5779,5825,6051,6224,6553,6644,6809,7226,7289,7585,7611,7624,7826,9493,9541,9821,10363,10637,11538,11552,11673,11834,12362,12382,12545,12722,12736,13309,13456,13555,13935,14002,14141,14221,14719,15164,15874,15956,16037,16130,16158
15,256,274,448,568,826,884,1135,1394,1573,1581,1599,1638,2189,2386,2675,2705,2963,3090,3101,3254,3499,3522,3684,4246,4275,4525,4758,4988,5308,5339,5382,5736,5824,5863,6430,6706,6900,7329,7452,7699,7761,8628,8694,8712,8763,8774,9096,9288,9292,9366,9367,9650,9907,10408,10946,11896,12131,12576,12679,12956,13114,13397,13736,13785,14223,14271,14345,14574,14792,14884,15041,15079,15354,15475,15505,15607,15687,15779,16069,16255,16290,16305
16,237,721,831,999,1078,1458,1733,1953,2834,3004,3038,3121,3334,4136,4190,4199,4261,4327,4476,4546,4604,4700,4806,5147,5547,5639,5973,5988,6348,6443,6514,6563,7065,7072,7215,8647,8667,8732,8926,9100,9116,9205,9898,9935,10073,10093,10133,10409,10730,11101,11296,11330,11580,12031,12198,12292,12360,12449,12546,12814,12916,13020,13092,13205,13817,13893,14104,14165,14756,14758,14778,14834,14862,15234,15328,15350,15821,15847,16226
22,45,214,235,436,688,1199,1295,1409,1598,1682,1964,2059,2230,2427,2615,2844,2868,3014,3073,3197,3211,3682,3958,4197,4215,4487,4521,4613,4614,4674,4947,5084,5307,5370,5505,5616,5782,5806,6364,6393,6543,6675,6787,6810,6946,7054,7083,7233,7609,7856,8291,8489,8622,8717,8806,8837,8839,8964,9089,9422,9476,9583,9651,9954,10358,10624,10632,10656,10658,10807,10968,11130,11137,11400,11614,11897,12153,12315,12329,12566,12687,12758,12935,12979,13145,13178,13271,13400,13458,13606,13772,13787,14329,14358,14368,14470,14935,15005,15194,15278,15346,15972,16079,16140,16237
118,204,253,277,332,653,808,1076,1191,1401,1488,1613,2467,2494,2566,2849,3017,3212,3519,3723,3772,4001,4048,4581,4706,4792,5014,5115,5126,5410,5500,5533,5765,5800,5845,6010,6235,6382,6587,6642,6696,6713,6827,6828,6887,6916,7013,7185,7208,7258,7511,7544,7671,8017,8121,8132,8294,8563,8705,9146,9481,9612,9639,9938,10190,10239,10515,10751,11172,11473,11612,11647,12000,12143,12175,12281,12468,12678,12808,12910,12985,13090,13159,13291,13413,13838,14076,14268,14468,14533,14637,14766,15920,16124
259,607,723,1010,1179,1505,1578,1656,2082,2390,2878,2893,3277,3452,3463,3549,3595,3629,3782,3918,3938,3947,4010,4161,4234,4235,4488,4545,4576,4634,4695,5360,5549,6135,6250,6690,6807,7088,7161,7168,7294,7752,7776,7780,7817,7987,8055,8063,8507,8539,8859,9013,9225,9283,9624,9742,9794,9996,10650,10665,10771,10839,10898,11180,11281,11511,11807,11853,12033,12042,12612,13086,13102,13211,13275,13343,13547,13792,13901,14044,14239,14359,14429,14488,14701,14905,14951,14953,15236,15353,15807,15908,15942,16029,16214,16248,16308
167,456,1350,2111,2358,3232,3403,3461,3477,3936,4097,4771,5680,5942,6005,6307,7093,7231,7336,7396,7946,9820,10338,10892,11077,11126,11372,11408,11708,11826,11932,12535,13022,13879,14492,14696,14816,14865,15192,15314,15331,15733,16133
