53,634,771,1168,1249,1303,1479,1979,2192,2723,4074,4549,4946,6812,8909,9040,9510,11290,12006
107,765,1305,1763,2006,2058,2312,2764,2823,2954,3476,3919,4040,4243,4260,4634,4818,4944,4990,5054,5263,5267,5741,6052,6090,6153,7037,7116,7261,7329,7372,7772,8649,8872,8897,9181,9411,10376,10381,10659,10702,10893,10931,11049,11070,11566,11756,11872,11961,12011,12044
26,540,654,672,1167,1407,1821,2115,2134,2275,2285,2523,2767,3014,3161,3221,3419,3666,3755,3900,4094,4495,4741,4768,4880,4959,5136,5139,5173,5301,5388,5590,5754,5781,5966,6031,6628,6732,6751,6841,7079,7102,7110,7271,7361,7379,7422,7737,8130,8474,8774,8896,8960,9102,9128,9203,9479,9509,9550,9690,9722,9960,10570,11059,11256,11717,12079
19,130,163,174,250,627,667,794,899,1126,1150,1154,1348,1436,1947,1968,2210,2259,2533,2697,2709,2812,2879,3006,3075,3089,3096,3192,3500,3599,3629,4100,4593,5101,5121,5224,5253,5268,5292,5398,5411,5578,5612,5701,5976,6032,6092,6422,6577,6810,7059,7158,7280,7383,7529,7722,7733,7969,8029,8081,8503,8528,8547,8923,8938,9041,9227,9376,9436,9473,9599,9741,9755,9972,9976,9996,10126,10399,10640,10773,10819,10825,10918,10977,11071,11114,11178,11417,11423,11479,11506,11512,11538,11630,11796,11886,11933,11950
110,120,334,511,549,735,895,1120,1145,1165,1399,1490,1496,1642,1674,1853,1906,2287,2528,2554,2702,2778,2858,2877,2889,3518,3770,3811,3857,3911,3912,4187,4589,4933,4935,4943,4999,5055,5206,5248,5297,5386,5451,5495,5606,5988,6132,6220,6531,6649,6955,7287,7327,7338,7415,7802,7811,8232,8354,8405,8469,8481,8496,8574,8577,8582,8602,8715,8732,8869,9006,9718,9781,10000,10053,10104,10112,10237,10264,10345,10359,10401,10494,10874,10953,11126,11233,11241,11500,11790,11938,11962,12121
232,258,271,594,689,883,1013,1122,1130,1335,1568,1605,1997,2392,2555,2625,2738,2806,2831,2908,2923,2955,2998,3016,3091,3110,3150,3178,3238,3257,3370,3717,3892,3950,4044,4229,4267,4271,4368,4377,4460,4501,4608,4715,4763,4829,4914,4920,4932,5077,5119,5351,5506,5599,5725,5746,5756,5881,6214,6332,6364,6399,6512,6533,6722,6894,7047,7072,7310,7346,7571,7595,7630,7708,7857,7906,8114,8208,8259,8353,8427,8433,8518,8625,8727,8798,8851,8858,9098,9167,9232,9317,9495,9573,9633,9729,9763,9819,10213,10252,10320,10427,10491,10514,10515,10519,10779,10929,11094,11502,11996,12098
311,351,432,460,467,472,491,561,562,660,762,787,921,1025,1053,1070,1087,1103,1274,1460,1531,1594,1624,1645,2012,2097,2293,2352,2411,2443,2565,2603,2731,2854,2995,3018,3028,3063,3208,3233,3356,3386,3396,3409,3423,3430,3464,3529,3562,3593,3619,3954,4046,4085,4194,4540,4664,4691,4729,5007,5065,5102,5264,5298,5377,5421,5555,5683,5715,5728,5788,5847,5864,6070,6084,6129,6189,6285,6292,6325,6443,6446,6536,6569,6589,6720,6731,6795,6832,6857,6941,7046,7113,7201,7278,7736,7844,7944,7971,8068,8076,8097,8194,8277,8300,8423,8479,8669,8781,8846,8916,9168,9257,9354,9531,9601,9652,9743,9814,9916,9959,9984,10022,10062,10256,10261,10286,10325,10331,10413,10441,10561,10679,10909,10927,10939,10995,11002,11102,11145,11187,11380,11580,11593,11608,11639,11701,11708,11710,11813,11890,11928,11959,11960,12110
58,73,75,146,207,239,757,831,879,915,936,942,976,1061,1115,1131,1147,1242,1245,1326,1365,1373,1408,1437,1446,1474,1489,1536,1544,1546,1567,1662,1885,1888,1914,1946,1958,2199,2360,2458,2501,2548,2556,2571,2875,2956,2959,3142,3338,3349,3451,3472,3504,3530,3532,3568,3756,3785,3867,4145,4246,4276,4332,4335,4399,5030,5144,5353,5400,5509,5656,5890,5942,6014,6038,6323,6403,6619,6768,6978,6980,7050,7215,7218,7381,7428,7446,7527,7942,8086,8090,8191,8193,8297,8319,8402,8556,8565,8648,8720,8835,8942,8950,9103,9202,9215,9258,9291,9309,9340,9389,9391,9430,9434,9461,9539,9551,9930,10007,10020,10095,10108,10190,10421,10454,10504,10526,10586,10597,10616,10641,10744,10788,10802,10942,10947,11048,11294,11405,11431,11454,11640,11798,11804,11991,12036,12051,12119,12124,12146
47,79,191,269,272,481,629,702,897,989,1151,1491,1588,1635,1705,1752,1819,1820,1962,2080,2143,2151,2233,2341,2516,2656,2742,2775,2886,2941,2968,3099,3151,3216,3337,3371,3609,3781,3808,4011,4082,4087,4241,4414,4424,4498,4530,4614,4736,4776,4805,4907,5022,5481,5486,5492,5601,5633,5634,5664,5675,5835,5861,6203,6249,6455,6495,6592,6718,6969,6975,7013,7137,7437,7487,8085,8087,8110,8111,8187,8285,8382,8389,8392,8431,8552,8584,8810,8817,8844,8922,8982,8988,9052,9110,9120,9212,9266,9304,9366,9395,9494,9535,9547,9641,9736,9774,9785,9817,9895,9947,10026,10050,10207,10235,10259,10408,10511,10530,10557,10589,10661,10742,10748,10799,10851,10910,10928,10975,10989,11022,11040,11106,11110,11121,11177,11257,11291,11372,11437,11533,11592,11778,11811,11838,12020,12083,12123,12184
17,96,105,221,321,355,470,473,590,710,884,979,982,1011,1064,1073,1178,1314,1328,1403,1464,1514,1557,1709,2057,2138,2257,2302,2331,2358,2388,2413,2577,2659,2664,2756,2795,2815,3103,3134,3231,3491,3696,3708,3762,4061,4136,4275,4438,4496,4548,4657,4765,4779,4783,4785,4816,5081,5098,5170,5272,5519,5528,5530,5532,5533,5697,5704,5730,5826,5849,5896,5984,5994,6079,6116,6184,6238,6420,6479,6485,6538,6905,6960,7036,7045,7152,7181,7217,7455,7556,7707,7774,7808,7869,7966,7997,8063,8071,8183,8229,8270,8284,8338,8438,8460,8511,8652,8830,8876,8948,9169,9324,9464,9668,9756,9793,9805,9901,10067,10092,10120,10185,10210,10279,10340,10513,10581,10591,10630,10676,10859,11306,11396,11480,11541,11885,11902,11988
87,325,417,421,448,455,632,705,711,763,785,788,802,890,1058,1161,1164,1171,1172,1221,1421,1580,1587,1597,1901,1977,2072,2288,2343,2345,2372,2749,2773,2789,2826,2895,2937,3168,3438,3447,3462,3668,3681,3832,3953,4210,4248,4266,4325,4489,4535,4572,4848,4925,5027,5145,5286,5567,5631,5668,5676,5762,5909,5999,6002,6180,6200,6289,6324,6424,6562,6665,6699,6712,6847,6912,6992,7034,7385,7406,7679,7783,7838,7848,7907,7991,8011,8051,8244,8295,8421,8506,8730,8838,8904,8921,8980,9048,9243,9418,9444,9825,9936,9974,10014,10058,10068,10225,10295,10573,10601,10654,10696,11044,11148,11219,11358,11362,11527,11789,11917,11921,12049,12111,12168
235,487,495,628,663,849,975,1206,1237,1272,1728,2253,2486,3069,3072,3186,3190,3220,3481,3486,3547,3586,3865,4033,4093,4156,4374,4459,4524,4566,4671,4852,5333,6085,6261,6816,7118,7483,7951,7981,8373,8513,8630,8831,8855,9213,9469,9613,10628,10736,10957,11123,11307,11503,11802,12196
