56,921,1131,1321,2240,2614,2734,3154,3266,3453,3514,3543,4129,4404,4667,5293,5305,5369,5967,6642,7209,7435,7870,8076,8736,9022,9124,9340,9948,10062,10113,10551,10801,11562,11638,11961
296,316,349,822,870,1328,1461,1492,1588,1791,2030,2431,2568,3012,3262,3387,3469,3555,3841,3894,4109,4266,4384,4411,4660,4711,5282,5485,5594,5851,5906,6349,6559,6569,6697,7017,7238,7440,7560,7847,7888,7891,8249,8662,8731,9097,9121,9126,9197,9439,9442,9611,9640,9747,9934,10083,10228,10572,10573,10673,10865,10997,11044,11175,11220,11470,11569
290,520,864,912,1506,1949,2016,2186,2268,2313,2448,2683,2810,2999,3107,3242,3316,3463,3534,4211,4331,4590,4620,4884,4893,4906,4965,5334,5686,5716,5718,5746,5889,5901,6113,6721,6740,6815,6840,6906,7018,7053,7303,7461,7558,7672,7997,8478,9160,9453,9511,9660,9881,9932,10067,10102,10161,10265,10405,11675,11714,11967,12060,12181
217,580,663,859,1139,1280,1843,2305,2654,2759,3241,3353,3862,4024,4261,4837,4954,5151,5212,5241,5307,5787,5836,5977,6080,6350,6395,6427,6742,6800,6941,7282,7386,7476,8053,8260,8708,8858,8909,8967,9161,9748,9790,9805,10155,10291,10581,10606,10753,10917,10966,11028,11194,11307,11480,11737,11910,11917,11966,12049,12117,12123,12197
35,339,549,555,604,683,691,850,1136,1174,1222,1246,1893,2229,2308,2438,2597,3013,3093,3627,3679,3744,3925,4127,4230,4430,4512,4634,4654,4755,4816,5259,5674,5866,5963,6072,6121,6389,6687,6714,6783,6811,6813,6816,7129,7250,7377,7528,7578,7769,7890,7924,8300,8545,8560,8687,9004,9112,9203,9325,9521,9799,9942,10033,10366,10475,10529,10681,10787,10877,11039,11222,11803,12007
88,90,581,1033,1039,1083,1525,1640,2029,2449,2790,2965,3066,3213,3235,3265,3275,3279,3690,3837,3893,3912,3937,4006,4798,4856,4871,4888,4990,5286,5294,5313,5545,5773,5825,6069,6198,6206,6249,6450,7068,7112,7725,7778,7796,7822,8112,8155,8268,8305,8742,8949,9164,9989,10072,10312,10730,10849,10934,10937,11082,11296,11431,11648,11960,12078,12162
63,570,847,1062,1192,1256,1329,1519,1687,1745,1957,2055,2231,2237,2379,2427,2739,2956,3031,3539,3633,3999,4134,4466,4474,4772,4780,4839,5184,5450,5958,5978,6097,6323,6372,6415,6561,6832,6976,7286,7367,7475,7502,8593,8613,8653,8681,8717,8996,9424,9553,9713,9758,9809,9819,9910,9962,9997,10040,10219,10360,10999,11015,11388,11584,11811,11944
15,516,519,575,588,700,701,730,746,763,777,1122,1135,1151,1435,1690,2023,2206,2252,2503,2706,2856,2857,3190,3218,3487,3827,3880,4059,4141,4199,4257,4469,4602,4791,5252,5652,5764,5913,6158,6417,6491,6612,6747,6905,6990,7100,7156,7342,7631,7780,8229,8295,8414,8435,8520,9467,9578,9600,10354,10547,10802,10955,11158,11198,11331,11369,11467,11918,12032,12161
81,202,207,551,713,973,1205,1273,1361,1904,2048,2477,2481,2547,2874,2902,3078,3568,3586,3782,3870,4208,4320,4479,4918,5029,5187,5216,5947,7133,7314,7486,7510,7677,7818,7929,8272,8396,8501,8521,8854,8897,9002,9122,9262,9344,9347,9608,9693,9783,9885,10022,10060,10064,10332,10367,10706,10848,11205,11366,11618,12014,12178
167,190,206,314,402,434,486,882,977,990,1331,1413,1526,1663,2192,2351,2711,2733,2846,3005,3720,3776,4010,4768,5045,5132,5237,5448,5555,5559,6010,6051,6319,6337,6341,6605,6768,6775,7198,7298,7427,7792,7817,7915,8504,8639,9232,9233,9324,9782,9956,10024,10058,10758,10806,11021,11396,11466,11558,11567,11771,11863,11900,11924
329,389,826,846,1018,1181,1184,1233,1353,1392,1826,1890,2031,2287,2650,2749,3046,3206,3583,3838,3871,3896,4428,4503,4644,4675,4779,4844,5097,5553,5765,5821,5874,6165,6798,6839,6937,7002,7194,7603,7632,7975,8221,8733,8769,9190,9284,9311,9491,9563,9648,9864,10023,10029,10052,10111,10231,10594,10763,10815,10841,11192,11321,11577,11602,11660,11756,11846,11969,11976,11997,12068
7,25,27,417,461,470,474,525,605,1367,1522,1780,1868,2084,2278,2543,2545,2551,2684,2748,2753,2845,2895,3183,3580,3725,3775,3920,3945,4178,4394,4413,5001,5266,5462,5530,5542,6504,6524,6644,6817,6855,7415,7422,7444,7448,7688,7723,7728,7955,8058,8192,8277,8420,8436,8475,8688,9094,9729,9781,10280,10968,11099,11131,11144,11985
99,138,544,679,906,914,1266,1405,1489,1688,1772,1993,2258,2267,2366,2591,2791,2800,3187,3294,3326,3645,3994,4576,4750,4796,5226,5254,5287,5714,6036,6367,6617,6635,6730,7128,7300,7426,7691,7781,8157,8255,8498,8550,8683,8754,10118,10269,10328,10522,10553,10676,10703,10832,10901,11313,11314,11809,12070,12167
4,200,465,485,496,562,674,961,1003,2189,2380,2485,2505,2572,2667,2761,2916,3507,3577,3642,3724,4051,4494,4543,4558,4587,4673,4693,5274,5298,5436,5438,5603,5761,5840,5865,5999,6256,6403,6716,6771,6835,6914,7257,7278,7539,7566,7607,7629,8051,8402,8919,9082,9127,9470,9759,9807,9963,9994,10001,10624,10833,11111,11579,11674,11715,11903,12188
219,383,542,793,898,940,1015,1394,1585,1617,1971,2553,3069,3182,3272,3438,3474,3589,3624,4003,4039,4061,4196,4209,4663,4787,5167,5351,5391,5425,5433,5469,5574,5666,5745,5900,5933,5962,6334,6688,6704,6782,6903,6925,7192,7277,7407,7654,7724,7849,8312,8575,9385,9454,9519,9816,10108,10951,11126,11152,11185,11237,11271,11273,11595,11720,11731,11841
155,237,503,652,698,833,1452,1624,1885,1938,1959,2082,2085,2145,2586,2707,3006,3177,3578,3676,3728,4001,4088,4800,4952,5204,5347,5681,5862,5872,5946,6193,6483,6607,6735,8207,8242,8451,8762,8918,9011,9526,9595,9798,9832,9911,9993,10290,10638,10678,10721,10949,10987,11060,11355,11400,11568,11588,11601,11621,11682,11722,11747
272,534,600,678,832,1220,1322,1599,1616,1815,1819,1850,2024,2044,2105,2419,2461,2875,3002,3059,3144,3354,3422,3465,3489,3508,3667,3726,3811,3820,3975,4084,4170,4194,4233,4566,4629,4923,5278,5289,5468,5804,6015,6056,6305,6760,6907,7472,7935,8072,8511,8947,9012,9271,9444,9661,9719,9797,9889,10130,10340,10515,10653,10685,10695,10846,10870,10886,10957,10993,11068,11165,11238,11261,11328,11525,11896
321,478,653,884,926,1035,1119,1437,1484,1798,2390,2424,2437,2462,2631,2841,2936,3176,3433,3472,3490,3520,3731,3829,3939,4007,4536,4580,4659,4668,4697,4843,4846,4972,5126,5310,5494,6004,6035,6081,6205,6762,6790,7045,7107,7182,7263,7886,8027,8088,8380,8685,8933,8981,9237,9336,9459,10018,10107,10121,10163,10346,10419,10639,10821,11216,11272,11453,11604,11709,11753,12026,12166
32,124,1149,1383,1853,2177,2868,3918,4182,4655,4802,5138,5511,5692,6578,6761,7024,7443,8030,8454,8682,8690,8721,9253,10099,10505,10659,10786,10940,11260,12152
