511,657,1071,1493,1968,3390,3665,3842,3894,4274,4326,4615,4963,5153,5257,5784,5907,5945,6030,6297,6702,7332,7355,8096,8260
754,989,1264,1523,1585,1826,1861,1930,1934,2069,2122,2260,2318,2534,2820,3439,3626,3859,4204,4222,4275,4593,4994,5267,5360,5842,6218,6231,6278,6346,6747,6782,6919,7032,7055,7076,7094,7330,7368,7457,7499,7553,7570,7633,7740,7765,7843,8050,8180
691,728,995,1156,1685,2121,2462,3090,3264,3331,3596,3679,3838,3936,4094,4137,4144,4210,4371,4600,4699,4883,4979,5269,5608,5704,5927,5955,6062,6175,6302,6324,6398,6618,6927,7129,7365,7612,7721,7883,8118,8138,8205
53,243,271,401,589,641,1091,1229,1291,1426,1545,1730,1800,1877,1941,2054,2079,2111,2293,2325,2521,2543,3061,3165,3211,3275,3780,3806,3882,4044,4859,4888,5026,5176,5296,5312,5916,5951,6054,6145,6940,7086,7204,7236,7359,7392,7605,8227
232,474,516,621,715,1201,1416,1627,2709,2829,2917,3505,3648,4268,4316,4442,4690,4777,4865,4957,4997,5219,5251,5289,5441,5474,5780,6100,6199,6424,6604,7261,7356,7701,7725,7856,8057
51,181,658,670,838,1027,1099,1298,1474,1486,1694,1712,1757,2289,2395,2474,2525,2771,2830,2905,3383,3605,3652,3797,4051,4053,4105,4160,4495,4506,4604,4811,4945,5011,5084,5136,5168,5957,6283,6505,6879,6882,6958,6972,7127,7141,7212,7241,7281,7314,7917,8024,8062
4,526,623,1272,1308,1675,1830,1857,1891,2712,2839,2900,2947,2990,3548,3565,3570,3595,3645,3996,4189,4347,4418,4509,4616,4822,4869,5304,5767,6167,6189,6415,6455,6808,6921,7169,7202,7226,7262,7378,7558,7562,7604,7737,7782,7807,7855
75,85,315,361,545,1076,1334,1447,1468,1850,2084,2090,2430,2431,2747,2768,2962,3692,3964,4219,4918,4923,4935,5979,6288,6729,6743,6827,6856,6888,6932,7536,7746,7814,7955,8059,8134
442,688,705,1228,1458,1623,1931,1982,2253,2356,2419,2777,2942,2945,2949,2969,3457,3514,3956,4121,4433,4512,4543,4544,4833,4848,5074,5079,5380,5748,6193,6215,6506,6695,6762,6798,7412,7423,7455,7661,7686,7790,7989,8045,8114,8188,8259,8261,8274
291,410,449,453,465,1014,1651,2029,2189,2818,2865,2971,2993,3452,3526,3535,3538,3910,3922,3941,4088,4425,4510,4672,4800,5192,5209,5307,5339,5972,6012,6217,6311,6778,6892,6991,7243,7381,7655,7895,7966,8088,8252
10,157,198,423,429,551,1577,1820,1829,1841,1955,2180,2409,2598,2677,2980,3032,3190,3421,3502,3544,3559,3578,3614,3694,3846,3899,3973,4142,4402,4441,4641,4804,4858,5101,5206,5326,5375,5469,5689,6049,6220,6449,6735,6741,6924,7034,7088,7323,7922,8025
101,206,938,954,1277,1286,1721,1933,2541,3082,3257,3513,3886,3950,3979,4082,4279,4354,4451,4695,4857,4958,5347,5409,5411,5457,5646,5716,5946,5959,6130,6230,6536,7341,7615,7919,8157,8167
214,1382,1456,1461,1472,1511,1522,1592,1723,1837,1972,2186,2588,2826,3055,3423,3472,3487,3885,4330,4389,4796,5142,5484,5561,5569,5656,5829,5910,5931,5986,6072,6341,6624,6673,6803,6841,7403,7425,7964,7998
147,253,369,400,405,532,536,718,737,865,866,917,1617,2035,2371,2467,2519,2573,2692,2837,2850,3409,3433,3453,3702,3778,3932,3937,4475,4851,5563,5669,5950,6007,6040,6055,6102,6113,6136,6158,6426,6480,6819,7000,7235,7476,7504,7621,7702,8090,8142,8225
417,487,539,668,856,1270,1288,1290,1335,1726,1747,1919,2085,2259,2362,2483,2721,3094,3229,3255,3350,3812,3924,3929,4216,4250,4362,4382,4719,4853,5085,5433,5643,5965,6006,6141,6234,6423,6941,7054,7244,8011,8080
196,211,307,575,1224,1394,1796,2056,2113,2262,2328,2870,2897,2960,3311,3341,3602,3729,3744,3919,3989,4290,5131,5298,5387,5636,6090,6114,6171,6214,6232,6476,6677,6759,7858,8174
90,98,138,269,492,620,719,864,886,1309,2360,2410,2547,2568,2835,3300,3355,3424,3448,3459,3560,3640,3820,4314,4592,4934,5148,5341,5606,5821,5865,6568,6626,6715,7382,7687,7968,8266,8270
39,72,109,277,701,750,801,857,1021,1114,1185,1220,1393,1409,1632,1805,1868,2124,2379,2396,2489,2501,2558,2576,3143,3374,3517,4006,4136,4156,4751,4968,5045,5438,5447,5768,5790,5847,5913,6066,6131,6305,6898,7406,7481,7635,7818,8026,8162
77,689,1962,2195,2213,2750,2923,3408,3428,3887,4422,4447,5286,5545,5610,5885,6291,6599,6788,6910,7259,7358,7695
