595,991,2379,2749,2930,3122,3239,3677,3701,3746,4242,4357,5315,5356,5818,6041,6917,7018,7111,7843,7884,7935
4,60,152,446,452,460,481,503,722,883,1074,1348,1505,1637,1795,2332,2554,2934,3070,3137,3362,3492,3842,4000,4052,4210,4281,4336,4365,4376,4415,4735,4880,4951,4958,5036,5107,5243,5278,5680,5766,5839,6529,6615,6918,7301,7320,7947
35,39,43,49,108,169,177,358,421,628,827,1124,1290,1388,1498,1604,1627,1669,1717,1722,1748,2426,2528,2699,3080,3287,3484,3534,3892,4144,4455,4621,4784,5045,5683,5944,6097,6141,6202,6486,6926,6954,7015,7049,7221,7371,7645,7746,7961,8038
31,115,210,263,407,490,525,614,851,977,1088,1135,1330,1453,1707,2037,2038,2166,2177,2773,2809,3058,3139,3619,3707,3807,3876,3923,4219,4313,4439,4498,4953,5118,5333,5391,5474,5959,5986,6016,6111,6176,6249,6561,6689,6802,6866,7036,7047,7067,7097,7141,7211,7222,7231,7256,7669,8109
293,319,333,364,674,797,815,972,1314,1782,1898,2404,2601,2820,2883,2952,3177,3348,3706,3992,4240,4311,4731,5100,5308,5498,5593,5849,6089,6125,6183,6265,6270,6374,6484,6722,6982,6992,7291,7363,7417,7418,7893,7913
20,667,704,731,763,781,786,878,1058,1373,1472,1484,1536,1616,1725,1843,2109,2316,2532,2605,2625,2688,3168,3254,3338,3510,3544,3708,3793,3806,3951,4130,4314,4398,4478,4755,4909,5078,5359,5689,5755,6398,6413,6516,6702,6930,7164,7319,7582
74,76,145,170,479,871,877,1189,1238,1245,1410,1451,1535,1562,1777,1824,1909,2181,2245,2273,2842,2956,3187,3303,3529,3766,3834,3856,4031,4297,4434,4459,4689,4927,4976,5034,5132,5139,5314,5539,6241,6574,6593,6654,6730,6835,6877,7077,7306,7570,7841,7863,7984,8003
63,65,537,784,819,872,1266,1307,2032,2313,2514,2557,2623,2922,3071,3082,3085,3407,3559,3618,3636,3657,3676,3792,3908,4172,4235,4261,4430,4623,4624,4727,4893,5074,5081,5267,5437,5851,5899,6068,6150,6576,7138,7290,7379,8018,8041
295,1543,1714,1743,1932,1996,2061,2113,2153,2157,2221,2253,2267,2408,2738,2847,2959,2971,2990,3277,3316,3399,3406,3606,3933,4060,4315,4342,4377,4420,4477,4556,4588,4816,4956,4999,5422,5618,5670,5939,6135,6167,6182,6263,6507,6519,6587,6618,6720,6783,7733,7815,7978,8075
73,367,527,1056,1123,1145,1805,1889,1975,2018,2026,2110,2164,2445,2517,2550,2626,2708,2734,2844,2947,3088,3349,3477,3952,3989,4181,4217,4323,4401,4414,4433,4963,4973,5262,5282,5978,6231,6254,6275,6301,6731,7174,7430,7590,7607,7885,7951,7988,8077
453,610,785,1021,1311,1363,1564,2261,2270,2477,2576,2632,2813,3434,3579,3822,4015,4091,4606,4903,4914,4967,5669,6213,6528,6744,6799,7481
17,219,967,1428,1670,1779,2269,2579,2669,2920,3555,3741,3820,3910,4178,4216,4733,5000,5021,5090,5119,5175,5210,5355,5597,5715,5771,5973,5984,6052,6276,6358,6405,6442,6495,6568,6696,6856,6921,7032,7248,7609,7771,7855,8065
198,495,783,898,1304,1385,2222,2254,2508,2529,2619,2886,3175,3306,3511,3656,3831,4148,4283,4472,4519,4603,4678,4802,4952,4960,5419,5442,5570,5712,5786,6384,6427,6522,6582,7010,7076,7304,7339,8010
53,409,536,613,918,1274,1303,1510,2069,2165,2217,2288,2305,2630,3008,3595,3624,4034,4247,4264,4502,4849,4901,5022,5279,5353,5598,5634,5647,5681,5733,5736,5972,6567,6632,6697,6770,6868,7312,7366,7773,8049
10,126,222,375,459,462,540,591,630,707,709,779,800,899,1027,1032,1598,2046,2147,2234,2989,3055,3353,3379,3427,3501,3580,3663,3786,3846,3886,3925,4411,4437,4468,4496,4716,4750,4890,5173,5405,5517,5536,5701,5770,6050,6194,6232,6339,6781,6790,6924,6983,7212,7295,7573,7700,7709,7827,7851,8013,8094,8098
132,229,397,438,473,742,798,980,1177,1436,1675,1786,1956,2010,2468,2612,2678,2912,3029,3061,3086,3633,4783,5183,5326,5341,5350,5636,5694,6760,6920,6995,7139,7171,7176,7308,7518,7678,7766,7856,7900,8020
56,273,305,329,334,491,837,879,1830,1917,2204,2387,2438,2611,2638,2816,2873,2926,3004,3062,3184,3587,3667,4188,4322,4536,4561,4658,4773,5205,5265,5425,5453,5639,5643,5644,5988,6098,6159,6165,6230,6682,7112,7229,7477
408,502,587,867,914,1233,1276,1553,1686,1798,1934,2043,2290,2378,3034,3234,3816,3903,4050,4251,4291,4444,4486,4634,4653,4891,5250,5589,5627,5794,5970,6258,6611,6685,6985,7066,7100,7179,7711,7939,7946,8119
313,379,514,545,1131,1142,1415,2001,2289,2558,3065,3737,5303,5530,5567,5587,5847,6044,6281,7257,7581,7676,7780
