532,911,986,1996,2191,3631,4103,4276,5061,5400,5770,5776,5914,7298,7563,7578,7602,7825,9003,9618,10080,10539,11298,11387,11754,12636,12745,13144,14136
673,717,793,1348,1463,1938,2712,3657,3725,3990,4065,4271,4290,4864,5052,5143,5489,5869,5968,6001,6085,6327,6345,6573,6698,7714,7862,8011,8645,8713,8730,8770,9361,9671,9722,9758,10185,11242,11498,11571,11808,12744,13099,13436,13556,13771,13984,14040,14561
311,580,637,795,872,969,1282,1432,1450,2262,2354,2417,2519,2587,2653,3091,3412,3886,3894,4072,4337,5144,5190,5303,5343,5390,5432,6018,6042,6127,6782,6992,7585,7743,8160,8196,8375,8633,9028,9061,9147,9193,9489,9579,9676,9705,10148,10177,10514,10555,10594,10652,11062,11680,12008,12134,12477,12548,12646,12792,12909,12925,13349,13471,13547,13674,13873,14005,14008,14115,14164,14791,14898,15075,15202
105,292,862,942,991,1079,1490,1865,1913,1928,1941,2235,2812,2820,2936,3105,3822,3909,3915,4061,4648,4717,4748,4872,4886,5034,5081,5082,5171,5328,5654,6021,6052,6099,6263,6403,6565,6717,6831,6972,6975,7276,7369,7489,7852,8247,8437,8480,9293,9641,10042,10111,10360,10585,10903,10974,11137,11199,11309,11334,11391,11441,11617,11739,11794,11876,11893,12006,12013,12128,12151,12168,12176,12239,12494,12674,13087,13311,13513,13531,13580,14140,14327,14455,14520,14702,14839
335,557,759,1006,1008,1068,1076,1390,1474,1653,1767,1789,1813,1819,1859,2133,2277,2412,2453,2506,3108,3489,3544,3546,4158,4246,4320,4467,4485,4739,4747,4755,4890,4970,5123,5245,5306,5396,5557,5646,5727,5825,5906,5958,6225,6255,6429,6612,6779,6876,6919,6964,7422,7540,7600,7970,7996,8123,8275,8378,8396,8449,8461,8488,8975,8998,9037,9097,9403,9640,9647,9662,9765,9878,9979,10105,10262,10286,10598,10659,10667,11074,11773,11961,11999,12116,12136,12373,12642,12832,12867,13047,13205,13370,13422,13455,13516,14158,14304,14427,14519,14596,14639,14771,15162
50,88,188,332,604,757,856,1026,1245,1315,1345,1700,1720,2116,2143,2161,2175,2298,2529,2534,2745,2768,2869,3142,3200,3467,3820,4148,4269,5145,5318,5655,5774,5843,5856,5916,6138,6262,6332,6616,7202,7595,7692,7771,7802,8066,8101,8164,8328,8412,8441,8949,9335,9835,10571,10617,10764,10828,10864,10875,11110,11262,11300,11824,12016,12236,12253,12759,13065,13127,13178,13238,13498,13572,13758,13760,13796,13812,13819,13949,13987,14010,14042,14083,14096,14145,14273,14343,14416,14538,14764,14938,15102,15197
133,201,232,412,510,728,777,892,905,1019,1103,1185,1223,1759,1858,1879,1952,1993,2099,2362,2611,2716,2777,2852,2913,2985,3074,3140,3301,3436,3564,3797,3860,3953,4049,4078,4217,4302,4354,4391,4437,4527,4595,4642,4753,4781,4849,4943,5204,5227,5249,5331,5385,5542,5556,5706,5809,5913,5971,6030,6167,6349,6364,6378,6387,6388,6593,6646,6887,7045,7101,7279,7433,7495,7609,7646,7831,7989,8098,8174,8259,8390,8552,8605,8636,8694,8829,9024,9257,9325,9525,9584,9603,9731,10038,10051,10225,10277,10331,10390,10543,10636,10678,10704,10729,10762,10825,11030,11060,11195,11284,11319,11408,11518,11726,11840,11890,11952,12027,12216,12244,12258,12282,12348,12436,12527,13016,13018,13095,13400,13670,13832,13926,13978,14187,14235,14274,14275,14348,14511,14536,14728,14982,15054,15061,15067,15168
11,224,359,698,701,744,1118,1215,1226,1304,1388,1494,1520,1538,1667,1692,1931,2775,2817,2916,2989,3024,3233,3285,3413,3572,3649,3650,4254,4377,4608,4611,4735,4769,4777,4866,4938,4961,4976,4990,5003,5104,5211,5220,5565,5784,6033,6037,6254,6331,6537,6623,6696,6740,6770,6787,6837,7002,7010,7014,7043,7075,7098,7107,7319,7334,7359,7527,7657,8012,8048,8135,8233,8293,8376,8500,8570,8705,8740,8891,9272,9453,9585,9729,9834,9942,9953,10158,10241,10470,10640,10649,11081,11231,11404,11459,11496,11544,11677,11842,11925,11981,12155,12180,12362,12371,12390,12565,12849,12937,12971,13259,13429,13466,13488,13736,13781,14150,14382,14802,15201,15214
182,396,464,525,805,810,1004,1257,1325,1351,1477,1635,1788,1899,2387,2419,2422,2556,2755,2809,2834,3060,3774,3884,4248,4366,4401,4552,4566,4568,4666,4712,4725,4968,5142,5153,5251,5298,5369,5679,5739,5827,5872,6035,6093,6315,6410,6518,6540,6592,6971,7089,7125,7140,7258,7265,7358,7451,7537,7538,7617,7650,7684,7847,7910,7925,7947,8030,8056,8134,8641,8677,8864,8900,9002,9291,9365,9495,9564,9611,9643,9828,10108,10257,10267,10364,10466,10496,10505,10753,10831,11184,11276,11336,11438,11543,11588,11699,11883,12196,12243,12275,12521,12641,12818,12914,12917,13251,13278,13326,13344,13458,13608,13980,14000,14325,14384,14458,14562,14607,14651,14672,14805,14989,14990,15050,15157,15211
85,95,216,291,349,403,432,502,670,702,723,843,970,1032,1054,1268,1301,1317,1352,1401,1472,1550,1553,1660,1753,1758,1768,1851,1898,2279,2430,2538,2560,2577,2598,2769,2795,2839,2879,2948,2982,3226,3275,3506,3595,3753,3841,3849,4173,4236,4266,4329,4356,4411,4523,4631,4655,4860,5047,5102,5137,5230,5261,5342,5391,5495,5596,5630,5631,5717,5810,5957,6090,6103,6122,6291,6462,6598,6679,6825,6863,7156,7176,7221,7756,7794,7813,7895,7926,8031,8173,8231,8329,8506,8669,8683,8775,8837,8895,8920,9178,9354,9678,9772,9816,9939,9967,10020,10215,10557,10563,10662,10665,10755,10779,10939,10959,11215,11258,11306,11549,11645,11662,11666,12029,12098,12449,12742,12879,12910,12960,12977,13274,13686,13780,13871,13891,13908,13970,14021,14091,14162,14219,14851,14986,15021
111,571,641,726,731,860,861,867,944,1036,1154,1164,1259,1361,1373,1606,1626,1656,1911,1918,2183,2193,2249,2281,2426,2501,2887,2966,3003,3120,3145,3287,3298,3375,3390,3423,3483,3609,3804,3895,4009,4026,4073,4144,4208,4287,4342,4345,4414,4483,4587,4599,4657,4677,4825,4877,4951,5080,5121,5362,5418,5475,5638,5855,5884,5901,6056,6097,6289,6304,6434,6674,6757,7141,7153,7481,7530,7541,7558,7647,7666,7716,8027,8208,8216,8223,8232,8267,8401,8702,8767,8846,8852,8924,8951,9138,9189,9261,9318,9352,9355,9553,9855,9970,10056,10211,10388,10589,10619,10642,10650,10679,10713,10977,11014,11116,11161,11248,11546,11572,11721,11927,12157,12667,12719,12809,12822,13029,13173,13273,13324,13593,13625,13696,13709,13983,14022,14052,14250,14346,14397,14743,14803,14849,14852,15232
2,295,334,528,689,734,932,1002,1047,1165,1232,1260,1324,1433,1440,1721,1936,2185,2280,2327,2782,2885,2890,2900,3066,3068,3076,3164,3331,3371,3459,3710,3731,3795,3851,3926,4267,4581,4701,5388,5563,5584,5699,5755,6129,6446,6708,7160,7169,7523,7668,7976,7998,8076,8312,8360,8363,8427,9094,9155,9276,9779,9845,9977,9996,10103,10197,10572,10663,10795,10969,11171,11225,11229,11564,11660,11685,11805,12044,12193,12203,12433,12619,12680,12738,12768,12813,12932,12936,12946,13094,13296,13408,13438,13535,13640,14023,14569,14812,14887,14923,15016,15032,15037,15073,15167,15217
138,215,243,285,456,492,588,611,758,772,1089,1339,1341,1560,1870,1908,1971,2020,2186,2294,2744,2754,2884,2969,3319,3426,3887,4169,4198,4460,4579,4729,4776,5028,5056,5291,5364,5610,5818,5897,5988,6171,6178,6314,6562,6609,6725,6803,6834,6886,6921,6936,6980,7053,7056,7845,7931,7979,8109,8443,8547,8599,8690,8881,8938,9101,9681,9812,9826,9927,9938,9960,9975,10130,10298,10444,10498,10508,10511,10656,10898,10985,10987,11002,11222,11255,11285,11585,11635,11817,12067,12355,12489,12652,13792,13803,13859,13878,14211,14472,14734,14796
60,116,127,272,400,808,835,1101,1277,1519,1662,1830,2075,2141,2188,2304,2663,2743,2761,2874,3438,3505,3543,3733,3777,3863,4200,4699,4711,4912,5045,5089,5201,5614,5979,5987,6136,6182,6282,6322,6691,6731,6745,6944,6960,7086,7398,7614,7778,7781,7864,8282,8602,8625,9036,9095,9254,9342,9496,9793,9873,10437,10452,10520,10840,11080,11174,11327,11363,11427,11568,11586,11612,11614,11615,11772,12071,12112,12147,12190,12417,12533,12749,12753,12778,13051,13320,13577,13723,14113,14260,14286,14376,14438,14463,14515,14573,14606,14680,14706,14885,15040
477,534,1020,1058,1449,1611,1886,2178,2205,2391,2431,2480,3221,3225,4098,4475,4856,5410,5470,5768,6418,6520,6751,6805,7345,7613,7652,8598,8708,8885,9262,9308,9409,9499,10911,10973,12272,12447,12644,13534,14070,14208,14640,14806,15229
