962,1140,1444,2600,2771,3409,3605,3631,4798,4833,5828,7083,7315,7337,8281,8767,9023,9052,9108,9918,9943,10353,10604,10934,11854,12464,12755,13135,13758,13868,13989,15151
152,437,464,579,801,839,939,1201,1427,1586,1964,2173,2435,2529,2894,3184,3216,3217,3306,3340,3421,3480,3797,4017,4379,4960,5053,5189,5250,5278,5492,5522,5533,5850,6223,6438,6459,6462,6718,6787,6999,7200,7393,7403,7631,7744,7805,7845,8635,8842,8848,8966,9053,9116,9348,9532,9649,10057,10094,10243,10258,10297,10514,11186,11242,11302,11333,11467,11477,11553,11564,11568,11814,11846,11906,12378,13353,13779,13784,13878,13993,14017,14104,14106,14129,14352,14477,14652,14774,14784,14802,14904
30,44,90,102,406,503,651,1024,1164,1893,1906,1979,2035,2285,2579,3501,3759,3785,4233,4274,4353,4417,4694,4883,4920,5060,5440,5460,5504,5548,5605,5953,6061,6179,6208,6209,6804,6987,7123,7438,7481,7527,7678,7995,8204,8443,8626,8750,8847,8917,9102,9282,9327,9429,9447,9754,10140,10253,10322,10403,10483,10573,10620,11083,11127,11288,11600,11634,11980,12011,12095,12138,12230,12413,13115,13140,13173,13387,13693,13777,13870,14409,14472,14760,15033,15081,15093
142,144,216,251,740,826,1231,1461,1487,1611,1662,2503,2522,2729,2856,2893,2933,3048,3243,3363,3682,4076,4282,4312,4352,4776,5030,5405,5423,5796,5909,6346,6584,6602,6615,6643,6827,6852,6908,7163,7401,7910,8102,8129,8459,8487,9072,9253,9320,9484,9506,9640,9742,9946,9950,9957,9976,10038,10158,10410,11085,11114,11156,11250,11420,11561,11608,11848,12065,12168,12197,12293,12541,12707,12824,13077,13144,13206,13271,13329,13410,13458,14223,14411,14521,14796,15024,15054
70,75,78,764,798,1205,1308,2065,2111,2373,2417,2537,2620,2671,2711,3004,3067,3400,3551,3788,3857,3984,4235,4659,4749,4908,5112,5360,5408,5560,5575,5611,5657,5949,6246,6341,6452,6855,6866,7082,7431,7487,7491,7529,7534,7537,7874,8239,8261,8697,8773,8856,8967,8985,9074,9190,9228,9419,9712,9967,10007,10172,10474,10564,10566,10611,10651,10743,10790,10806,11052,11129,11511,11776,11803,12030,12340,12379,12567,12668,12835,13221,13515,13546,13849,13950,13992,14009,14076,14358,14466,14561,14567,14584,14835,14930,14959,15071
7,61,173,391,498,565,821,1098,1331,1369,1450,1874,2327,2409,2553,3175,3449,3457,3622,3753,3848,4157,4166,4232,4702,4719,5110,5311,5321,5388,5511,5762,5851,5888,7018,7310,7755,7853,8079,8349,8411,9226,9270,9280,9377,9746,10202,10343,10347,10646,10883,10910,10978,11031,11182,11205,11401,11422,11804,11884,12497,12524,12699,12810,13003,13188,13241,13722,13770,14080,14243,14533,14673,14799,15129,15143,15172,15242
176,323,666,1256,1349,1515,1713,1990,2095,2179,2448,2574,2613,2627,2714,2921,3046,3320,3392,3402,3505,3812,4520,4572,4717,4930,4956,5028,5420,5587,6027,6190,6470,6560,6742,6761,6937,6970,7156,7182,7194,7327,7407,7681,8047,8175,8561,8624,8955,9123,9668,9677,9929,10262,10455,10469,10489,10602,10960,11003,11398,11821,11918,11947,12171,12297,12323,12408,12582,12864,13220,13244,13250,14110,14326,14475,14638,14651,14670
47,85,153,178,422,453,714,766,894,951,1075,1280,1668,1844,1919,1962,2083,2255,2260,2313,2394,2602,2668,2831,2920,2988,3140,3185,3284,3415,3512,4037,4194,4685,4813,4819,4924,5093,5127,5139,5177,5325,6050,6207,6506,6549,6670,6869,6972,6983,7289,7356,7626,7730,8011,8054,8073,8258,8297,8421,8453,8465,8488,8555,8648,8724,8962,9143,9167,9179,9318,9655,9866,9911,10029,10070,10142,10205,10356,10570,10616,10763,11125,11212,11226,11261,11738,11970,12040,12528,12609,12638,12799,13164,14187,14273,14586,14763,14813,15109
53,268,686,860,1124,2046,2504,2523,2634,2708,2789,3039,3479,3489,3559,3794,3890,3952,4409,4455,4465,4755,4797,4838,5146,5233,5259,5292,5401,5413,5456,5615,5848,7017,7038,7208,7239,7251,7432,7546,7556,7635,7826,7849,8602,8929,9033,9043,9145,9198,9446,9690,9901,10002,10176,10228,10348,10395,10633,10821,10828,10902,11007,11168,11324,11351,11641,11658,11815,11909,12274,12427,12530,12543,12790,13072,13416,13442,13750,13780,13831,13858,13913,13961,14194,14976,15199
263,434,495,585,767,903,1623,1674,1685,2454,2616,2647,2679,2791,3941,3974,4033,4141,4415,4803,5341,5567,5820,5876,6054,6107,6193,6260,6708,7040,7242,7372,7394,7612,7686,7703,7773,7837,7952,8384,8402,8442,8454,8463,8728,8736,8909,9021,9245,9571,9586,10076,10185,10542,10576,10664,10683,11154,11262,11343,11684,12005,12024,12639,12660,12714,12783,13814,14093,14471,14542,14576,14706,14840,14857,14927,15125,15153
63,139,259,372,385,448,584,895,1004,1322,1465,1482,1650,1669,1742,1884,2188,2337,2821,2977,3066,3081,3096,3116,3226,4167,4227,4408,4436,4679,4907,4939,4963,5019,5166,5390,5402,5616,6120,6321,6395,6966,7020,7114,7259,7510,7607,8416,8701,8871,8884,9024,9080,9887,10040,10254,10427,10544,10559,10561,10833,10950,11566,11923,11965,12114,12369,12439,12451,12454,12974,12979,13102,13409,13504,13562,14031,14125,14189,14406,14414,15027,15056,15118
308,814,1040,1049,1133,1277,1354,1420,1530,1612,1647,1858,1960,2144,2482,2609,2615,2628,2662,2731,2772,2790,2833,2892,3285,3408,3604,3673,3714,3830,3898,3920,3998,4118,4257,4369,4413,4511,4612,4722,4761,5100,5350,5353,5435,5540,6106,6291,6656,6943,7094,7269,7480,7505,7663,7665,7707,7722,7781,8373,8413,8616,8644,9047,9201,9291,9753,9838,9945,10087,10320,10456,10479,10556,11034,11037,11049,11299,11350,11435,11437,11531,11581,11827,11993,12329,12519,12812,12934,12967,13057,13376,13541,13551,14030,14063,14296,14417,14438,14686,14730,14776,14851,14882,15121
39,212,333,441,664,878,880,912,913,937,1570,1661,1702,1785,1797,1916,2174,2220,2390,2514,2604,2903,3041,3438,3719,3978,4569,4713,4964,5092,5214,5348,5416,5602,5652,5878,6145,6398,7080,7470,8103,8156,8179,8207,8219,8406,9448,9578,9680,9729,9807,9959,10091,10219,10246,10294,10493,10547,11187,11416,11621,11625,11749,11935,12475,12515,12884,12914,13215,13216,13412,13502,13941,13976,14322,14338,14419,14566,15037
9,111,457,616,840,889,905,1152,1385,1431,1447,1703,1999,2006,2278,3086,3291,3294,3304,3634,3840,4290,4411,4764,5067,5084,5235,5702,5728,5785,5816,6015,6043,6057,6092,6204,6206,6430,6440,6976,7130,7248,7601,7648,7774,8038,8279,8303,8414,8552,8719,8956,9083,9117,9205,9212,9349,9474,9661,9695,9738,9916,10154,10168,10333,10569,10877,11043,11731,11844,11943,11979,12007,12342,12695,12803,12931,13038,13257,13265,13432,13583,13615,13807,13973,14163,14446,14773,14887,14909,15075,15114
40,95,179,244,355,358,412,759,959,1325,1342,1419,1721,1740,1792,1973,2003,2262,2299,2407,2492,2510,2734,2764,3412,3588,3756,4175,4226,4723,4862,5450,5513,5527,5735,5759,5776,6156,6304,6641,7222,7334,7413,7542,8039,8112,8117,8211,8527,8573,9064,9151,9324,9614,9719,9884,9915,10300,10307,10324,10358,10512,10859,11042,11248,11311,11599,11643,11736,12073,12181,12261,12391,12409,12807,12865,12903,13303,13642,13689,13796,13839,13865,13867,14036,14112,14159,14483,14514,15173,15254
147,241,442,460,587,1347,1653,1840,1867,1950,2166,2279,2293,2340,2455,2490,2691,2887,2913,3454,3462,3520,3550,3603,3643,3874,4057,4294,4331,4493,4766,4897,5080,5102,5302,5510,5580,5902,5994,6159,6415,6513,6923,7354,7499,7523,7647,7708,7721,7752,8201,8351,8365,8796,8803,9034,9058,9363,9749,10200,10370,10383,10464,10476,10582,11295,11332,11406,11451,11455,11580,11703,11766,12201,12671,13149,13434,13544,13553,13685,13723,13734,13996,14547,14550,14580,15090,15145,15186
48,234,274,320,438,456,526,990,1038,1815,1952,2052,2256,2304,2365,2372,2652,2690,2984,3162,3268,3323,3490,3583,3653,3670,3690,3835,3919,4525,4847,4869,4925,4952,5064,5265,5557,5721,5829,6062,6133,6166,6556,6620,6653,6667,6826,6922,7147,7225,7544,7619,7785,7863,8417,8533,9106,9140,9527,9542,9663,9953,10035,10201,10451,11076,11623,11767,11842,11985,12120,12499,12852,12975,13074,13131,13217,13361,13485,13512,13638,14069,14111,14150,14183,14276,14582,14967
117,403,564,927,1127,1170,1922,2048,2207,2343,2486,3383,3396,3945,4392,4540,4740,4777,5276,5295,5297,6044,6482,6836,6890,6918,7404,7488,7502,8018,8168,8266,8532,8684,8699,8857,9146,9565,9575,9685,9925,10058,10237,10264,10627,10642,10884,10946,11191,12186,12573,12579,12710,12771,13258,13446,13823,14089,14182,14217,14515,14661,14768,14848,14865,14944,15065,15076
269,491,641,699,1138,1627,1743,2082,2832,2916,3723,3749,4276,4590,4961,5273,5483,5715,5748,5781,5894,6123,6314,6586,7558,7795,7800,7906,8287,8336,8537,8837,8902,8910,8920,9326,10082,10813,10896,10977,11062,11281,11338,11779,12141,12223,12765,12774,13328,13708,13940,13957,14225,14281,14522,14867
